"age_grp";"race_eth";"Model";"#Obs";"#Param";"DF";"SSE";"MSE";"Auto Corr";"Segment";"Joinpoint";"Joinpoint 95% LCL";"Joinpoint 95% UCL";"Intercept Estimate";"Intercept Std Error";"Intercept Test Statistic";"Intercept P-Value";"Slope Estimate";"Slope Std Error";"Slope Test Statistic";"Slope P-Value";"SlopeChg Estimate";"SlopeChg Std Error";"SlopeChg Test Statistic";"SlopeChg P-Value";"Covar-Int vs Int";"Covar-Int vs Slope";"Covar-Slope vs Slope";"Corr-Int vs Int";"Corr-Int vs Slope";"Corr-Slope vs Slope"
"65andup";"American Indian or Alaska Native";4;48;10;38;6370.204048;167.636949;Uncorrelated;0;NA;NA;NA;5.751251;0.040325;142.622601;0.000000;-0.006495;0.003471;-1.870926;0.069982;NA;NA;NA;NA;0.001626;0.000000;0.010629;1.000000;0.000000;1.000000
"65andup";"American Indian or Alaska Native";4;48;10;38;6370.204048;167.636949;Uncorrelated;1;20;3;27;5.245132;0.171652;30.556833;0.000000;0.018811;0.006390;2.943831;0.005808;0.025306;0.007272;3.479871;0.001396;0.000012;0.000000;3.769106;1.000000;0.000000;1.000000
"65andup";"American Indian or Alaska Native";4;48;10;38;6370.204048;167.636949;Uncorrelated;2;33;30;35;1.004387;3.558157;0.282277;0.779442;0.147319;0.103096;1.428941;0.162145;0.128507;0.103294;1.244090;0.221975;0.029464;0.000000;0.002610;1.000000;0.000000;1.000000
"65andup";"American Indian or Alaska Native";4;48;10;38;6370.204048;167.636949;Uncorrelated;3;36;35;38;12.532736;1.941419;6.455453;0.000000;-0.172913;0.051085;-3.384787;0.001810;-0.320232;0.115059;-2.783196;0.008725;0.000041;0.000000;0.239344;1.000000;0.000000;1.000000
"65andup";"American Indian or Alaska Native";4;48;10;38;6370.204048;167.636949;Uncorrelated;4;40;38;42;3.823896;0.489228;7.816185;0.000000;0.044808;0.010992;4.076536;0.000260;0.217721;0.052255;4.166549;0.000200;12.660483;0.000000;0.000121;1.000000;0.000000;1.000000
"65andup";"Asian";5;48;12;36;645991.113189;17944.197589;Uncorrelated;0;NA;NA;NA;5.347283;0.034685;154.167559;0.000000;-0.006726;0.002694;-2.496552;0.018065;NA;NA;NA;NA;0.001203;0.000000;11.081642;1.000000;0.000000;1.000000
"65andup";"Asian";5;48;12;36;645991.113189;17944.197589;Uncorrelated;1;22;16;26;3.814363;0.553423;6.892312;0.000000;0.062952;0.022084;2.850583;0.007693;0.069678;0.022248;3.131946;0.003774;0.000007;0.000000;0.008790;1.000000;0.000000;1.000000
"65andup";"Asian";5;48;12;36;645991.113189;17944.197589;Uncorrelated;2;28;24;31;7.045627;0.664818;10.597829;0.000000;-0.052450;0.021410;-2.449797;0.020141;-0.115402;0.030759;-3.751875;0.000724;0.306277;0.000000;12.662260;1.000000;0.000000;1.000000
"65andup";"Asian";5;48;12;36;645991.113189;17944.197589;Uncorrelated;3;34;30;35;-2.323580;3.328910;-0.698000;0.490380;0.223114;0.093755;2.379770;0.023659;0.275565;0.096168;2.865448;0.007415;0.000488;0.000000;0.008541;1.000000;0.000000;1.000000
"65andup";"Asian";5;48;12;36;645991.113189;17944.197589;Uncorrelated;4;37;35;38;14.880578;3.558407;4.181809;0.000220;-0.241863;0.092415;-2.617140;0.013586;-0.464977;0.131645;-3.532050;0.001315;0.441983;0.000000;0.200979;1.000000;0.000000;1.000000
"65andup";"Asian";5;48;12;36;645991.113189;17944.197589;Uncorrelated;5;40;39;43;4.144821;0.448307;9.245489;0.000000;0.026531;0.010071;2.634482;0.013034;0.268394;0.092962;2.887135;0.007025;0.000458;0.000000;0.000101;1.000000;0.000000;1.000000
"65andup";"Black or African American";5;48;12;36;2200567.937452;61126.887151;Uncorrelated;0;NA;NA;NA;5.977860;0.032369;184.678433;0.000000;-0.002427;0.002225;-1.090885;0.283730;NA;NA;NA;NA;0.001048;0.000000;3.038120;1.000000;0.000000;1.000000
"65andup";"Black or African American";5;48;12;36;2200567.937452;61126.887151;Uncorrelated;1;25;18;26;2.066804;2.708605;0.763051;0.451201;0.154015;0.102194;1.507092;0.141911;0.156442;0.102218;1.530478;0.136040;0.000005;0.000000;0.002479;1.000000;0.000000;1.000000
"65andup";"Black or African American";5;48;12;36;2200567.937452;61126.887151;Uncorrelated;2;28;26;30;8.556226;0.973839;8.786083;0.000000;-0.077750;0.031897;-2.437528;0.020720;-0.231765;0.107056;-2.164898;0.038211;7.336543;0.000000;14.317018;1.000000;0.000000;1.000000
"65andup";"Black or African American";5;48;12;36;2200567.937452;61126.887151;Uncorrelated;3;33;30;35;2.669307;1.743020;1.531426;0.135806;0.100642;0.049785;2.021529;0.051930;0.178391;0.059127;3.017109;0.005064;0.010444;0.000000;0.009656;1.000000;0.000000;1.000000
"65andup";"Black or African American";5;48;12;36;2200567.937452;61126.887151;Uncorrelated;4;37;35;39;11.840331;3.783784;3.129230;0.003801;-0.147224;0.098265;-1.498233;0.144187;-0.247866;0.110157;-2.250114;0.031682;0.948361;0.000000;0.225975;1.000000;0.000000;1.000000
"65andup";"Black or African American";5;48;12;36;2200567.937452;61126.887151;Uncorrelated;5;40;38;44;5.409106;0.475368;11.378771;0.000000;0.013557;0.010675;1.270017;0.213529;0.160781;0.098843;1.626626;0.113940;0.001017;0.000000;0.000114;1.000000;0.000000;1.000000
"65andup";"hispanic";5;48;12;36;2560427.120737;71122.975576;Uncorrelated;0;NA;NA;NA;5.561102;0.039589;140.471115;0.000000;-0.002217;0.002710;-0.817858;0.419680;NA;NA;NA;NA;0.001567;0.000000;17.667652;1.000000;0.000000;1.000000
"65andup";"hispanic";5;48;12;36;2560427.120737;71122.975576;Uncorrelated;1;25;3;27;1.914559;3.271701;0.585188;0.562657;0.143645;0.123422;1.163854;0.253363;0.145862;0.123452;1.181530;0.246377;0.000007;0.000000;0.014013;1.000000;0.000000;1.000000
"65andup";"hispanic";5;48;12;36;2560427.120737;71122.975576;Uncorrelated;2;28;18;32;6.953063;0.836940;8.307718;0.000000;-0.036302;0.026956;-1.346676;0.187848;-0.179947;0.126331;-1.424402;0.164320;10.704026;0.000000;20.151488;1.000000;0.000000;1.000000
"65andup";"hispanic";5;48;12;36;2560427.120737;71122.975576;Uncorrelated;3;34;31;35;-0.850781;4.203291;-0.202408;0.840920;0.193223;0.118377;1.632264;0.112742;0.229525;0.121408;1.890527;0.068067;0.015233;0.000000;0.013593;1.000000;0.000000;1.000000
"65andup";"hispanic";5;48;12;36;2560427.120737;71122.975576;Uncorrelated;4;37;35;38;15.874337;4.489041;3.536243;0.001300;-0.258807;0.116590;-2.219811;0.033879;-0.452030;0.166152;-2.720588;0.010588;0.700469;0.000000;0.321586;1.000000;0.000000;1.000000
"65andup";"hispanic";5;48;12;36;2560427.120737;71122.975576;Uncorrelated;5;40;39;43;4.205202;0.567086;7.415463;0.000000;0.032921;0.012737;2.584755;0.014676;0.291728;0.117283;2.487382;0.018456;0.000727;0.000000;0.000162;1.000000;0.000000;1.000000
"65andup";"More than one race";4;48;10;38;12625.648956;332.253920;Uncorrelated;0;NA;NA;NA;5.272314;0.115617;45.601556;0.000000;-0.084286;0.053355;-1.579713;0.123432;NA;NA;NA;NA;0.013367;0.000000;0.008001;1.000000;0.000000;1.000000
"65andup";"More than one race";4;48;10;38;12625.648956;332.253920;Uncorrelated;1;4;3;35;4.922254;0.032641;150.799731;0.000000;0.003229;0.001526;2.116413;0.041709;0.087515;0.053377;1.639558;0.110319;0.002847;0.000000;11.683284;1.000000;0.000000;1.000000
"65andup";"More than one race";4;48;10;38;12625.648956;332.253920;Uncorrelated;2;34;18;38;1.120663;3.176264;0.352824;0.726398;0.115040;0.089449;1.286103;0.207097;0.111812;0.089462;1.249825;0.219899;0.001065;0.000000;0.007883;1.000000;0.000000;1.000000
"65andup";"More than one race";4;48;10;38;12625.648956;332.253920;Uncorrelated;3;37;35;43;10.656453;3.418082;3.117671;0.003697;-0.142684;0.088786;-1.607054;0.117291;-0.257724;0.126032;-2.044913;0.048666;0.000002;0.000000;0.180251;1.000000;0.000000;1.000000
"65andup";"More than one race";4;48;10;38;12625.648956;332.253920;Uncorrelated;4;40;38;46;3.918465;0.424559;9.229486;0.000000;0.025766;0.009536;2.701893;0.010677;0.168450;0.089297;1.886408;0.067805;10.088650;0.000000;0.000091;1.000000;0.000000;1.000000
"65andup";"Native Hawaiian or Other Pacific Islander";3;48;8;40;573.699119;14.342478;Uncorrelated;0;NA;NA;NA;5.600289;0.043922;127.505148;0.000000;0.001898;0.002213;0.857829;0.396510;NA;NA;NA;NA;0.001929;0.000000;7.646089;1.000000;0.000000;1.000000
"65andup";"Native Hawaiian or Other Pacific Islander";3;48;8;40;573.699119;14.342478;Uncorrelated;1;33;17;35;2.112050;2.550575;0.828068;0.412942;0.107602;0.072777;1.478521;0.147732;0.105704;0.072811;1.451771;0.154992;0.000005;0.000000;0.005025;1.000000;0.000000;1.000000
"65andup";"Native Hawaiian or Other Pacific Islander";3;48;8;40;573.699119;14.342478;Uncorrelated;2;37;35;39;10.865672;2.765156;3.929497;0.000359;-0.128982;0.070889;-1.819508;0.076933;-0.236584;0.101596;-2.328688;0.025446;6.505434;0.000000;0.706891;1.000000;0.000000;1.000000
"65andup";"Native Hawaiian or Other Pacific Islander";3;48;8;40;573.699119;14.342478;Uncorrelated;3;41;38;44;3.762970;0.840768;4.475633;0.000070;0.044254;0.018702;2.366263;0.023316;0.173237;0.073314;2.362938;0.023498;0.005296;0.000000;0.000350;1.000000;0.000000;1.000000
"65andup";"White";4;48;10;38;99994680.861450;2631438.970038;Uncorrelated;0;NA;NA;NA;6.105753;0.080723;75.638036;0.000000;-0.055621;0.029442;-1.889203;0.067418;NA;NA;NA;NA;0.006516;0.000000;0.007901;1.000000;0.000000;1.000000
"65andup";"White";4;48;10;38;99994680.861450;2631438.970038;Uncorrelated;1;5;3;12;5.808831;0.032839;176.887652;0.000000;0.003763;0.001586;2.372080;0.023490;0.059384;0.029484;2.014103;0.051966;0.000867;0.000000;2.827419;1.000000;0.000000;1.000000
"65andup";"White";4;48;10;38;99994680.861450;2631438.970038;Uncorrelated;2;33;29;35;2.379061;3.066886;0.775725;0.443274;0.107696;0.088885;1.211627;0.234009;0.103932;0.088899;1.169102;0.250494;0.001078;0.000000;0.001957;1.000000;0.000000;1.000000
"65andup";"White";4;48;10;38;99994680.861450;2631438.970038;Uncorrelated;3;36;35;38;10.233661;1.681493;6.086056;0.000001;-0.110488;0.044237;-2.497655;0.017504;-0.218183;0.099285;-2.197553;0.034892;0.000003;0.000000;0.184107;1.000000;0.000000;1.000000
"65andup";"White";4;48;10;38;99994680.861450;2631438.970038;Uncorrelated;4;40;38;43;4.603535;0.429077;10.728930;0.000000;0.030266;0.009632;3.142116;0.003467;0.140753;0.045273;3.108981;0.003783;9.405789;0.000000;0.000093;1.000000;0.000000;1.000000
"all_ages";"American Indian or Alaska Native";3;48;8;40;111.821126;2.795528;Uncorrelated;0;NA;NA;NA;4.219929;0.033972;124.219523;0.000000;-0.003090;0.002552;-1.211212;0.233494;NA;NA;NA;NA;0.001154;0.000000;14.396551;1.000000;0.000000;1.000000
"all_ages";"American Indian or Alaska Native";3;48;8;40;111.821126;2.795528;Uncorrelated;1;23;18;28;3.240650;0.160739;20.160929;0.000000;0.039487;0.005300;7.450435;0.000000;0.042577;0.005882;7.238387;0.000000;0.000007;0.000000;0.009714;1.000000;0.000000;1.000000
"all_ages";"American Indian or Alaska Native";3;48;8;40;111.821126;2.795528;Uncorrelated;2;37;35;38;9.729171;3.794279;2.564169;0.014537;-0.135879;0.098558;-1.378663;0.176278;-0.175365;0.098701;-1.776741;0.083834;0.025837;0.000000;0.227869;1.000000;0.000000;1.000000
"all_ages";"American Indian or Alaska Native";3;48;8;40;111.821126;2.795528;Uncorrelated;3;40;38;42;2.686925;0.477357;5.628757;0.000002;0.040178;0.010720;3.747762;0.000608;0.176056;0.099140;1.775842;0.083984;0.000028;0.000000;0.000115;1.000000;0.000000;1.000000
"all_ages";"Asian";5;48;12;36;9112.862380;253.135066;Uncorrelated;0;NA;NA;NA;3.506311;0.031059;112.891318;0.000000;-0.005861;0.002420;-2.421894;0.021481;NA;NA;NA;NA;0.000965;0.000000;9.165780;1.000000;0.000000;1.000000
"all_ages";"Asian";5;48;12;36;9112.862380;253.135066;Uncorrelated;1;22;16;26;2.063155;0.501223;4.116240;0.000264;0.059737;0.020002;2.986567;0.005472;0.065598;0.020148;3.255855;0.002736;0.000006;0.000000;0.007270;1.000000;0.000000;1.000000
"all_ages";"Asian";5;48;12;36;9112.862380;253.135066;Uncorrelated;2;28;24;31;5.076571;0.602961;8.419407;0.000000;-0.047885;0.019419;-2.465844;0.019405;-0.107622;0.027878;-3.860455;0.000538;0.251225;0.000000;10.483255;1.000000;0.000000;1.000000
"all_ages";"Asian";5;48;12;36;9112.862380;253.135066;Uncorrelated;3;34;30;35;-3.540097;3.027504;-1.169312;0.251191;0.205546;0.085266;2.410653;0.022044;0.253431;0.087449;2.898040;0.006836;0.000400;0.000000;0.007071;1.000000;0.000000;1.000000
"all_ages";"Asian";5;48;12;36;9112.862380;253.135066;Uncorrelated;4;37;35;38;12.034525;3.237785;3.716900;0.000797;-0.215390;0.084089;-2.561458;0.015509;-0.420936;0.119755;-3.514987;0.001377;0.363562;0.000000;0.166860;1.000000;0.000000;1.000000
"all_ages";"Asian";5;48;12;36;9112.862380;253.135066;Uncorrelated;5;40;39;43;2.502347;0.408485;6.125922;0.000001;0.022915;0.009175;2.497416;0.018029;0.238304;0.084588;2.817245;0.008355;0.000377;0.000000;0.000084;1.000000;0.000000;1.000000
"all_ages";"Black or African American";2;48;6;42;54459.478242;1296.654244;Uncorrelated;0;NA;NA;NA;4.319452;0.036926;116.974773;0.000000;-0.001133;0.002549;-0.444487;0.659086;NA;NA;NA;NA;0.001364;0.000000;0.014038;1.000000;0.000000;1.000000
"all_ages";"Black or African American";2;48;6;42;54459.478242;1296.654244;Uncorrelated;1;25;18;26;1.665346;3.140179;0.530335;0.598812;0.105031;0.118481;0.886481;0.380657;0.106164;0.118508;0.895837;0.375699;0.000006;0.000000;0.015373;1.000000;0.000000;1.000000
"all_ages";"Black or African American";2;48;6;42;54459.478242;1296.654244;Uncorrelated;2;28;26;31;4.861192;0.123988;39.207028;0.000000;-0.009106;0.003177;-2.866256;0.006593;-0.114137;0.118524;-0.962993;0.341337;9.860722;0.000000;0.000010;1.000000;0.000000;1.000000
"all_ages";"hispanic";5;48;12;36;48704.605771;1352.905716;Uncorrelated;0;NA;NA;NA;3.794339;0.038747;97.925206;0.000000;-0.001368;0.002652;-0.515829;0.609634;NA;NA;NA;NA;0.001501;0.000000;17.245301;1.000000;0.000000;1.000000
"all_ages";"hispanic";5;48;12;36;48704.605771;1352.905716;Uncorrelated;1;25;3;28;0.216841;3.219609;0.067350;0.946735;0.141732;0.121460;1.166898;0.252150;0.143100;0.121489;1.177881;0.247808;0.000007;0.000000;0.013681;1.000000;0.000000;1.000000
"all_ages";"hispanic";5;48;12;36;48704.605771;1352.905716;Uncorrelated;2;28;19;35;5.041084;0.816254;6.175878;0.000001;-0.030563;0.026290;-1.162511;0.253900;-0.172294;0.124273;-1.386418;0.175510;10.365882;0.000000;19.379169;1.000000;0.000000;1.000000
"all_ages";"hispanic";5;48;12;36;48704.605771;1352.905716;Uncorrelated;3;34;31;38;-2.012009;4.152746;-0.484501;0.631436;0.176881;0.116964;1.512268;0.140594;0.207444;0.119883;1.730393;0.093505;0.014753;0.000000;0.013070;1.000000;0.000000;1.000000
"all_ages";"hispanic";5;48;12;36;48704.605771;1352.905716;Uncorrelated;4;37;35;41;13.019793;4.402178;2.957580;0.005887;-0.229384;0.114324;-2.006439;0.053600;-0.406265;0.163556;-2.483950;0.018604;0.666270;0.000000;0.301607;1.000000;0.000000;1.000000
"all_ages";"hispanic";5;48;12;36;48704.605771;1352.905716;Uncorrelated;5;40;39;46;2.475831;0.549187;4.508171;0.000087;0.034215;0.012336;2.773601;0.009302;0.263599;0.114987;2.292418;0.028829;0.000691;0.000000;0.000152;1.000000;0.000000;1.000000
"all_ages";"More than one race";3;48;8;40;255.734718;6.393368;Uncorrelated;0;NA;NA;NA;3.378057;0.032472;104.030655;0.000000;-0.004731;0.002521;-1.876153;0.068540;NA;NA;NA;NA;0.001054;0.000000;11.412901;1.000000;0.000000;1.000000
"all_ages";"More than one race";3;48;8;40;255.734718;6.393368;Uncorrelated;1;22;15;35;2.803067;0.128471;21.818670;0.000000;0.021405;0.004292;4.987434;0.000015;0.026136;0.004978;5.250591;0.000006;0.000006;0.000000;0.007697;1.000000;0.000000;1.000000
"all_ages";"More than one race";3;48;8;40;255.734718;6.393368;Uncorrelated;2;37;34;39;6.036007;3.378299;1.786700;0.082182;-0.065971;0.087730;-0.751985;0.456817;-0.087377;0.087835;-0.994787;0.326301;0.016505;0.000000;0.174608;1.000000;0.000000;1.000000
"all_ages";"More than one race";3;48;8;40;255.734718;6.393368;Uncorrelated;3;40;38;44;2.507344;0.417862;6.000417;0.000001;0.022245;0.009390;2.369034;0.023166;0.088217;0.088231;0.999839;0.323883;0.000018;0.000000;0.000088;1.000000;0.000000;1.000000
"all_ages";"Native Hawaiian or Other Pacific Islander";4;48;10;38;8.122601;0.213753;Uncorrelated;0;NA;NA;NA;4.081214;0.045910;88.896188;0.000000;-0.004819;0.003722;-1.294576;0.204190;NA;NA;NA;NA;0.002108;0.000000;0.003485;1.000000;0.000000;1.000000
"all_ages";"Native Hawaiian or Other Pacific Islander";4;48;10;38;8.122601;0.213753;Uncorrelated;1;21;3;35;3.420489;0.153711;22.252741;0.000000;0.026644;0.005203;5.120937;0.000012;0.031463;0.006397;4.918046;0.000022;0.000014;0.000000;23.052877;1.000000;0.000000;1.000000
"all_ages";"Native Hawaiian or Other Pacific Islander";4;48;10;38;8.122601;0.213753;Uncorrelated;2;37;19;40;7.523877;2.302874;3.267169;0.002486;-0.084258;0.059032;-1.427321;0.162608;-0.110902;0.059261;-1.871412;0.069913;0.023627;0.000000;0.012770;1.000000;0.000000;1.000000
"all_ages";"Native Hawaiian or Other Pacific Islander";4;48;10;38;8.122601;0.213753;Uncorrelated;3;41;35;43;-1.528541;4.801341;-0.318357;0.752161;0.136532;0.113005;1.208195;0.235309;0.220791;0.127495;1.731757;0.092382;0.000027;0.000000;2.935559;1.000000;0.000000;1.000000
"all_ages";"Native Hawaiian or Other Pacific Islander";4;48;10;38;8.122601;0.213753;Uncorrelated;4;44;38;46;6.000528;1.713347;3.502226;0.001313;-0.034583;0.036870;-0.937963;0.354879;-0.171115;0.118868;-1.439540;0.159142;5.303228;0.000000;0.001359;1.000000;0.000000;1.000000
"all_ages";"White";4;48;10;38;999060.845134;26291.074872;Uncorrelated;0;NA;NA;NA;4.318008;0.071310;60.552777;0.000000;-0.047860;0.026099;-1.833759;0.075456;NA;NA;NA;NA;0.005085;0.000000;0.006608;1.000000;0.000000;1.000000
"all_ages";"White";4;48;10;38;999060.845134;26291.074872;Uncorrelated;1;5;3;23;4.058337;0.029751;136.408269;0.000000;0.004074;0.001446;2.818065;0.007994;0.051934;0.026139;1.986808;0.055050;0.000681;0.000000;2.394503;1.000000;0.000000;1.000000
"all_ages";"White";4;48;10;38;999060.845134;26291.074872;Uncorrelated;2;33;21;35;1.227965;2.805161;0.437752;0.664334;0.089843;0.081289;1.105229;0.276820;0.085769;0.081302;1.054945;0.298889;0.000885;0.000000;0.001659;1.000000;0.000000;1.000000
"all_ages";"White";4;48;10;38;999060.845134;26291.074872;Uncorrelated;3;36;35;38;7.497751;1.547418;4.845330;0.000027;-0.084318;0.040732;-2.070058;0.046111;-0.174161;0.090923;-1.915476;0.063873;0.000002;0.000000;0.161140;1.000000;0.000000;1.000000
"all_ages";"White";4;48;10;38;999060.845134;26291.074872;Uncorrelated;4;40;38;43;3.058471;0.401423;7.619077;0.000000;0.026664;0.009002;2.961901;0.005544;0.110982;0.041715;2.660475;0.011821;7.868930;0.000000;0.000081;1.000000;0.000000;1.000000
"under65";"American Indian or Alaska Native";4;48;10;38;129.279932;3.402103;Uncorrelated;0;NA;NA;NA;3.485978;0.029463;118.315863;0.000000;0.000240;0.002253;0.106758;0.915608;NA;NA;NA;NA;0.000868;0.000000;0.009032;1.000000;0.000000;1.000000
"under65";"American Indian or Alaska Native";4;48;10;38;129.279932;3.402103;Uncorrelated;1;23;18;28;2.526901;0.149112;16.946352;0.000000;0.041939;0.004937;8.495197;0.000000;0.041699;0.005426;7.684367;0.000000;0.000005;0.000000;1.663957;1.000000;0.000000;1.000000
"under65";"American Indian or Alaska Native";4;48;10;38;129.279932;3.402103;Uncorrelated;2;37;28;38;8.640909;3.659322;2.361341;0.024080;-0.123304;0.095039;-1.297400;0.203228;-0.165243;0.095167;-1.736345;0.091558;0.022234;0.000000;0.000921;1.000000;0.000000;1.000000
"under65";"American Indian or Alaska Native";4;48;10;38;129.279932;3.402103;Uncorrelated;3;40;36;43;0.465378;1.289945;0.360774;0.720501;0.081084;0.030355;2.671164;0.011515;0.204388;0.099769;2.048608;0.048283;0.000024;0.000000;5.099329;1.000000;0.000000;1.000000
"under65";"American Indian or Alaska Native";4;48;10;38;129.279932;3.402103;Uncorrelated;4;45;39;46;7.106286;2.258169;3.146924;0.003423;-0.066491;0.048036;-1.384193;0.175318;-0.147576;0.056824;-2.597080;0.013793;13.390641;0.000000;0.002307;1.000000;0.000000;1.000000
"under65";"Asian";5;48;12;36;8938.561215;248.293367;Uncorrelated;0;NA;NA;NA;2.031139;0.025391;79.995455;0.000000;-0.000521;0.001765;-0.295100;0.769885;NA;NA;NA;NA;0.000645;0.000000;1.967702;1.000000;0.000000;1.000000
"under65";"Asian";5;48;12;36;8938.561215;248.293367;Uncorrelated;1;25;19;26;-0.731340;2.190685;-0.333841;0.740748;0.109978;0.082641;1.330789;0.192964;0.110499;0.082660;1.336786;0.191021;0.000003;0.000000;0.001605;1.000000;0.000000;1.000000
"under65";"Asian";5;48;12;36;8938.561215;248.293367;Uncorrelated;2;28;26;30;3.989839;0.786167;5.075052;0.000017;-0.058635;0.025753;-2.276795;0.029854;-0.168614;0.086561;-1.947910;0.060530;4.799099;0.000000;9.427679;1.000000;0.000000;1.000000
"under65";"Asian";5;48;12;36;8938.561215;248.293367;Uncorrelated;3;33;30;35;-1.511813;1.402748;-1.077751;0.289460;0.108082;0.040057;2.698179;0.011180;0.166717;0.047622;3.500862;0.001430;0.006830;0.000000;0.006360;1.000000;0.000000;1.000000
"under65";"Asian";5;48;12;36;8938.561215;248.293367;Uncorrelated;4;37;35;39;6.570142;3.070453;2.139796;0.040351;-0.110350;0.079749;-1.383705;0.176332;-0.218431;0.089244;-2.447566;0.020245;0.618059;0.000000;0.152973;1.000000;0.000000;1.000000
"under65";"Asian";5;48;12;36;8938.561215;248.293367;Uncorrelated;5;40;38;44;1.782534;0.391117;4.557543;0.000076;0.009341;0.008780;1.063824;0.295625;0.119690;0.080231;1.491816;0.145855;0.000663;0.000000;0.000077;1.000000;0.000000;1.000000
"under65";"Black or African American";4;48;10;38;36797.072323;968.344008;Uncorrelated;0;NA;NA;NA;3.373618;0.022245;151.660310;0.000000;0.000380;0.001557;0.244367;0.808415;NA;NA;NA;NA;0.000495;0.000000;0.000015;1.000000;0.000000;1.000000
"under65";"Black or African American";4;48;10;38;36797.072323;968.344008;Uncorrelated;1;25;19;27;0.975889;1.971132;0.495091;0.623721;0.096290;0.074371;1.294719;0.204141;0.095909;0.074387;1.289321;0.205989;0.000002;0.000000;10.775667;1.000000;0.000000;1.000000
"under65";"Black or African American";4;48;10;38;36797.072323;968.344008;Uncorrelated;2;28;26;33;3.788544;0.138071;27.439016;0.000000;-0.004162;0.003922;-1.061329;0.296022;-0.100452;0.074474;-1.348812;0.186313;3.885363;0.000000;0.005695;1.000000;0.000000;1.000000
"under65";"Black or African American";4;48;10;38;36797.072323;968.344008;Uncorrelated;3;42;30;43;0.504161;3.282631;0.153584;0.878845;0.074037;0.075464;0.981090;0.333479;0.078200;0.075566;1.034850;0.308044;0.005531;0.000000;3.111448;1.000000;0.000000;1.000000
"under65";"Black or African American";4;48;10;38;36797.072323;968.344008;Uncorrelated;4;45;43;46;9.169512;1.763930;5.198343;0.000009;-0.118526;0.037523;-3.158731;0.003318;-0.192563;0.084278;-2.284846;0.028684;0.019064;0.000000;0.001408;1.000000;0.000000;1.000000
"under65";"hispanic";5;48;12;36;136398.386961;3788.844082;Uncorrelated;0;NA;NA;NA;2.577363;0.039395;65.423132;0.000000;0.001870;0.002728;0.685480;0.498135;NA;NA;NA;NA;0.001552;0.000000;20.265361;1.000000;0.000000;1.000000
"under65";"hispanic";5;48;12;36;136398.386961;3788.844082;Uncorrelated;1;25;3;28;0.490854;0.800530;0.613162;0.544242;0.085330;0.028554;2.988422;0.005446;0.083460;0.028684;2.909689;0.006640;0.000007;0.000000;0.016079;1.000000;0.000000;1.000000
"under65";"hispanic";5;48;12;36;136398.386961;3788.844082;Uncorrelated;2;31;17;35;6.210555;4.125503;1.505406;0.142342;-0.099176;0.126912;-0.781458;0.440461;-0.184506;0.130084;-1.418361;0.166061;0.640848;0.000000;23.442491;1.000000;0.000000;1.000000
"under65";"hispanic";5;48;12;36;136398.386961;3788.844082;Uncorrelated;3;34;31;39;-2.972065;4.501706;-0.660208;0.513996;0.170901;0.126802;1.347777;0.187498;0.270077;0.179403;1.505423;0.142338;0.000815;0.000000;0.015811;1.000000;0.000000;1.000000
"under65";"hispanic";5;48;12;36;136398.386961;3788.844082;Uncorrelated;4;37;35;43;9.578008;4.841745;1.978214;0.056850;-0.168290;0.125743;-1.338373;0.190509;-0.339191;0.178577;-1.899406;0.066850;17.019771;0.000000;0.372249;1.000000;0.000000;1.000000
"under65";"hispanic";5;48;12;36;136398.386961;3788.844082;Uncorrelated;5;40;39;46;1.391495;0.610122;2.280684;0.029596;0.036372;0.013702;2.654576;0.012420;0.204663;0.126487;1.618056;0.115782;0.016107;0.000000;0.000188;1.000000;0.000000;1.000000
"under65";"More than one race";1;48;4;44;902.603866;20.513724;Uncorrelated;0;NA;NA;NA;2.386822;0.039763;60.026056;0.000000;-0.000402;0.003458;-0.116348;0.907919;NA;NA;NA;NA;0.001581;0.000000;0.004451;1.000000;0.000000;1.000000
"under65";"More than one race";1;48;4;44;902.603866;20.513724;Uncorrelated;1;20;8;26;2.106242;0.066715;31.570896;0.000000;0.013627;0.001880;7.246956;0.000000;0.014029;0.003937;3.563807;0.000910;0.000012;0.000000;0.000004;1.000000;0.000000;1.000000
"under65";"Native Hawaiian or Other Pacific Islander";4;48;10;38;22.557634;0.593622;Uncorrelated;0;NA;NA;NA;3.214654;0.048959;65.660077;0.000000;0.000200;0.003698;0.054164;0.957122;NA;NA;NA;NA;0.002397;0.000000;0.005578;1.000000;0.000000;1.000000
"under65";"Native Hawaiian or Other Pacific Islander";4;48;10;38;22.557634;0.593622;Uncorrelated;1;23;8;31;2.484365;0.238622;10.411304;0.000000;0.031952;0.007882;4.053619;0.000278;0.031752;0.008707;3.646750;0.000880;0.000014;0.000000;40.983160;1.000000;0.000000;1.000000
"under65";"Native Hawaiian or Other Pacific Islander";4;48;10;38;22.557634;0.593622;Uncorrelated;2;37;26;40;6.448836;2.912455;2.214227;0.033620;-0.075196;0.074684;-1.006851;0.321119;-0.107148;0.075099;-1.426755;0.162770;0.056940;0.000000;0.022690;1.000000;0.000000;1.000000
"under65";"Native Hawaiian or Other Pacific Islander";4;48;10;38;22.557634;0.593622;Uncorrelated;3;41;38;43;-5.262274;6.401809;-0.821998;0.416805;0.210441;0.150632;1.397057;0.171448;0.285637;0.168130;1.698907;0.098471;0.000062;0.000000;4.924417;1.000000;0.000000;1.000000
"under65";"Native Hawaiian or Other Pacific Islander";4;48;10;38;22.557634;0.593622;Uncorrelated;4;44;43;46;7.766775;2.219103;3.499962;0.001321;-0.085674;0.047712;-1.795631;0.081446;-0.296115;0.158007;-1.874056;0.069537;8.482394;0.000000;0.002276;1.000000;0.000000;1.000000
"under65";"White";4;48;10;38;404999.370612;10657.878174;Uncorrelated;0;NA;NA;NA;2.975927;0.017907;166.190537;0.000000;-0.001691;0.001502;-1.126037;0.268035;NA;NA;NA;NA;0.000321;0.000000;0.000318;1.000000;0.000000;1.000000
"under65";"White";4;48;10;38;404999.370612;10657.878174;Uncorrelated;1;21;3;28;2.654077;0.068694;38.636042;0.000000;0.013635;0.002346;5.812770;0.000002;0.015326;0.002785;5.502479;0.000004;0.000002;0.000000;6.143446;1.000000;0.000000;1.000000
"under65";"White";4;48;10;38;404999.370612;10657.878174;Uncorrelated;2;37;15;40;3.767916;0.704791;5.346144;0.000006;-0.016469;0.017842;-0.923043;0.362489;-0.030104;0.017995;-1.672861;0.103533;0.004719;0.000000;0.003246;1.000000;0.000000;1.000000
"under65";"White";4;48;10;38;404999.370612;10657.878174;Uncorrelated;3;42;38;43;-0.672466;2.478598;-0.271309;0.787794;0.089255;0.056970;1.566704;0.126445;0.105723;0.059698;1.770965;0.085532;0.000006;0.000000;1.730500;1.000000;0.000000;1.000000
"under65";"White";4;48;10;38;404999.370612;10657.878174;Uncorrelated;4;45;43;46;6.504217;1.315485;4.944350;0.000020;-0.070227;0.027978;-2.510127;0.016993;-0.159482;0.063469;-2.512761;0.016886;0.496731;0.000000;0.000783;1.000000;0.000000;1.000000
