"age_grp";"race";"Model";"#Obs";"#Param";"DF";"SSE";"MSE";"Auto Corr";"Segment";"Joinpoint";"Joinpoint 95% LCL";"Joinpoint 95% UCL";"Intercept Estimate";"Intercept Std Error";"Intercept Test Statistic";"Intercept P-Value";"Slope Estimate";"Slope Std Error";"Slope Test Statistic";"Slope P-Value";"SlopeChg Estimate";"SlopeChg Std Error";"SlopeChg Test Statistic";"SlopeChg P-Value";"Covar-Int vs Int";"Covar-Int vs Slope";"Covar-Slope vs Slope";"Corr-Int vs Int";"Corr-Int vs Slope";"Corr-Slope vs Slope"
"65andup";"aian";3;48;8;40;3334.883721;83.372093;Uncorrelated;0;NA;NA;NA;-0.171755;0.017831;-9.632418;0.000000;-0.001801;0.001192;-1.511115;0.139253;NA;NA;NA;NA;0.000318;0.000000;3.280554;1.000000;0.000000;1.000000
"65andup";"aian";3;48;8;40;3334.883721;83.372093;Uncorrelated;1;26;21;29;-0.916271;0.150179;-6.101190;0.000000;0.026834;0.004792;5.600372;0.000002;0.028635;0.004938;5.799525;0.000001;0.000001;0.000000;0.002344;1.000000;0.000000;1.000000
"65andup";"aian";3;48;8;40;3334.883721;83.372093;Uncorrelated;2;36;34;38;2.783147;1.811230;1.536606;0.132898;-0.075927;0.048414;-1.568292;0.125327;-0.102762;0.048651;-2.112241;0.041477;0.022554;0.000000;0.049695;1.000000;0.000000;1.000000
"65andup";"aian";3;48;8;40;3334.883721;83.372093;Uncorrelated;3;39;38;42;-0.540724;0.222924;-2.425600;0.020279;0.009300;0.005030;1.848953;0.072467;0.085227;0.048675;1.750964;0.088240;0.000023;0.000000;0.000025;1.000000;0.000000;1.000000
"65andup";"asian";5;48;12;36;18795.509139;522.097476;Uncorrelated;0;NA;NA;NA;-0.582040;0.009866;-58.997382;0.000000;-0.001371;0.000688;-1.994835;0.054916;NA;NA;NA;NA;0.000097;0.000000;0.906557;1.000000;0.000000;1.000000
"65andup";"asian";5;48;12;36;18795.509139;522.097476;Uncorrelated;1;25;21;26;-2.845479;0.809714;-3.514179;0.001380;0.089166;0.030508;2.922704;0.006427;0.090538;0.030516;2.966905;0.005750;0.000000;0.000000;0.000716;1.000000;0.000000;1.000000
"65andup";"asian";5;48;12;36;18795.509139;522.097476;Uncorrelated;2;28;27;29;1.262733;0.208953;6.043135;0.000001;-0.057556;0.006744;-8.533807;0.000000;-0.146722;0.031245;-4.695896;0.000051;0.655636;0.000000;0.133433;1.000000;0.000000;1.000000
"65andup";"asian";5;48;12;36;18795.509139;522.097476;Uncorrelated;3;34;33;35;-4.854422;0.952133;-5.098472;0.000016;0.122361;0.026750;4.574304;0.000072;0.179916;0.027587;6.521851;0.000000;0.000931;0.000000;0.000086;1.000000;0.000000;1.000000
"65andup";"asian";5;48;12;36;18795.509139;522.097476;Uncorrelated;4;37;36;38;2.133260;0.365285;5.839991;0.000002;-0.066496;0.009274;-7.170476;0.000000;-0.188856;0.028311;-6.670672;0.000000;0.043661;0.000000;0.054330;1.000000;0.000000;1.000000
"65andup";"asian";5;48;12;36;18795.509139;522.097476;Uncorrelated;5;42;39;46;-0.977817;0.233089;-4.195042;0.000212;0.007578;0.005109;1.483164;0.148127;0.074073;0.010588;6.996110;0.000000;0.000045;0.000000;0.000026;1.000000;0.000000;1.000000
"65andup";"black";4;48;10;38;75548.952492;1988.130329;Uncorrelated;0;NA;NA;NA;0.080177;0.010069;7.963029;0.000000;-0.000981;0.000703;-1.396212;0.171701;NA;NA;NA;NA;0.000101;0.000000;0.000027;1.000000;0.000000;1.000000
"65andup";"black";4;48;10;38;75548.952492;1988.130329;Uncorrelated;1;25;24;26;-2.708816;0.845962;-3.202056;0.002958;0.110579;0.031867;3.470017;0.001434;0.111560;0.031875;3.499950;0.001321;0.000000;0.000000;0.930897;1.000000;0.000000;1.000000
"65andup";"black";4;48;10;38;75548.952492;1988.130329;Uncorrelated;2;28;27;29;1.767913;0.162321;10.891441;0.000000;-0.049304;0.005157;-9.561451;0.000000;-0.159883;0.032281;-4.952791;0.000020;0.715651;0.000000;0.000698;1.000000;0.000000;1.000000
"65andup";"black";4;48;10;38;75548.952492;1988.130329;Uncorrelated;3;35;30;36;-1.785626;0.964830;-1.850716;0.072915;0.052225;0.026422;1.976581;0.056246;0.101530;0.026920;3.771466;0.000620;0.001016;0.000000;0.011509;1.000000;0.000000;1.000000
"65andup";"black";4;48;10;38;75548.952492;1988.130329;Uncorrelated;4;38;36;46;0.975920;0.107282;9.096761;0.000000;-0.020447;0.002458;-8.317537;0.000000;-0.072672;0.026536;-2.738617;0.009750;0.026348;0.000000;0.000006;1.000000;0.000000;1.000000
"65andup";"hisp";5;48;12;36;69631.331779;1934.203661;Uncorrelated;0;NA;NA;NA;-0.343397;0.024113;-14.241314;0.000000;0.000088;0.001681;0.052303;0.958623;NA;NA;NA;NA;0.000581;0.000000;4.728305;1.000000;0.000000;1.000000
"65andup";"hisp";5;48;12;36;69631.331779;1934.203661;Uncorrelated;1;25;21;28;-1.965655;0.470992;-4.173438;0.000225;0.064978;0.016761;3.876771;0.000514;0.064890;0.016845;3.852209;0.000550;0.000003;0.000000;0.003735;1.000000;0.000000;1.000000
"65andup";"hisp";5;48;12;36;69631.331779;1934.203661;Uncorrelated;2;31;30;32;3.789016;2.274495;1.665872;0.105814;-0.120656;0.070086;-1.721536;0.095120;-0.185635;0.072063;-2.576014;0.014983;0.221833;0.000000;6.735038;1.000000;0.000000;1.000000
"65andup";"hisp";5;48;12;36;69631.331779;1934.203661;Uncorrelated;3;34;33;35;-4.643602;2.174467;-2.135513;0.040727;0.127362;0.061111;2.084120;0.045482;0.248018;0.092987;2.667230;0.012048;0.000281;0.000000;0.004553;1.000000;0.000000;1.000000
"65andup";"hisp";5;48;12;36;69631.331779;1934.203661;Uncorrelated;4;37;36;38;4.292487;2.595195;1.654013;0.108217;-0.114154;0.067478;-1.691733;0.100727;-0.241516;0.091037;-2.652943;0.012469;5.173326;0.000000;0.127970;1.000000;0.000000;1.000000
"65andup";"hisp";5;48;12;36;69631.331779;1934.203661;Uncorrelated;5;40;39;43;-0.258410;0.357728;-0.722365;0.475485;-0.000382;0.008000;-0.047702;0.962259;0.113772;0.067950;1.674350;0.104123;0.004912;0.000000;0.000064;1.000000;0.000000;1.000000
"65andup";"multirace";0;48;2;46;4363.717261;94.863419;Uncorrelated;0;NA;NA;NA;-0.898955;0.015551;-57.806147;0.000000;0.000224;0.000528;0.424461;0.673209;NA;NA;NA;NA;0.000242;-0.000007;0.000000;1.000000;-0.881704;1.000000
"65andup";"nhopi";0;48;2;46;3060.577375;66.534291;Uncorrelated;0;NA;NA;NA;-0.283125;0.025400;-11.146712;0.000000;0.002187;0.000847;2.581573;0.013087;NA;NA;NA;NA;0.000645;-0.000019;0.000001;1.000000;-0.887281;1.000000
"all_ages";"aian";5;48;12;36;50.001150;1.388921;Uncorrelated;0;NA;NA;NA;0.065000;0.011848;5.486006;0.000005;-0.000405;0.000762;-0.532037;0.598493;NA;NA;NA;NA;0.000140;0.000000;1.914637;1.000000;0.000000;1.000000
"all_ages";"aian";5;48;12;36;50.001150;1.388921;Uncorrelated;1;27;25;28;-1.989006;1.037388;-1.917322;0.064452;0.075669;0.036377;2.080120;0.045872;0.076074;0.036385;2.090805;0.044837;0.000001;0.000000;0.001293;1.000000;0.000000;1.000000
"all_ages";"aian";5;48;12;36;50.001150;1.388921;Uncorrelated;2;30;29;32;0.190724;0.185375;1.028856;0.311509;0.003011;0.005495;0.548043;0.587587;-0.072658;0.036790;-1.974939;0.057239;1.076173;0.000000;0.111860;1.000000;0.000000;1.000000
"all_ages";"aian";5;48;12;36;50.001150;1.388921;Uncorrelated;3;37;32;38;2.182491;1.383704;1.577282;0.124882;-0.050820;0.035960;-1.413262;0.167542;-0.053832;0.036377;-1.479827;0.149011;0.001323;0.000000;0.000060;1.000000;0.000000;1.000000
"all_ages";"aian";5;48;12;36;50.001150;1.388921;Uncorrelated;4;40;35;42;-0.877824;0.334455;-2.624642;0.013345;0.025688;0.007747;3.315853;0.002337;0.076508;0.036785;2.079891;0.045894;0.034364;0.000000;2.650047;1.000000;0.000000;1.000000
"all_ages";"aian";5;48;12;36;50.001150;1.388921;Uncorrelated;5;46;38;46;2.801568;1.627897;1.720975;0.095223;-0.054299;0.034269;-1.584514;0.123227;-0.079987;0.035133;-2.276660;0.029863;0.000030;0.000000;0.001174;1.000000;0.000000;1.000000
"all_ages";"asian";5;48;12;36;411.792012;11.438667;Uncorrelated;0;NA;NA;NA;-0.664720;0.010797;-61.566528;0.000000;-0.001184;0.000752;-1.573914;0.125659;NA;NA;NA;NA;0.000117;0.000000;1.105762;1.000000;0.000000;1.000000
"all_ages";"asian";5;48;12;36;411.792012;11.438667;Uncorrelated;1;25;21;26;-2.808323;0.888555;-3.160550;0.003506;0.084560;0.033480;2.525658;0.016874;0.085744;0.033489;2.560384;0.015548;0.000001;0.000000;0.000873;1.000000;0.000000;1.000000
"all_ages";"asian";5;48;12;36;411.792012;11.438667;Uncorrelated;2;28;27;29;1.113074;0.228080;4.880198;0.000030;-0.055490;0.007361;-7.538004;0.000000;-0.140050;0.034280;-4.085463;0.000288;0.789530;0.000000;0.157822;1.000000;0.000000;1.000000
"all_ages";"asian";5;48;12;36;411.792012;11.438667;Uncorrelated;3;34;32;35;-4.949897;1.051552;-4.707229;0.000050;0.122833;0.029547;4.157139;0.000236;0.178323;0.030451;5.856132;0.000002;0.001121;0.000000;0.000102;1.000000;0.000000;1.000000
"all_ages";"asian";5;48;12;36;411.792012;11.438667;Uncorrelated;4;37;36;38;2.272998;0.397268;5.721579;0.000003;-0.072381;0.010080;-7.180309;0.000000;-0.195213;0.031220;-6.252909;0.000001;0.052020;0.000000;0.064333;1.000000;0.000000;1.000000
"all_ages";"asian";5;48;12;36;411.792012;11.438667;Uncorrelated;5;42;39;46;-1.173696;0.253639;-4.627424;0.000062;0.009683;0.005563;1.740736;0.091649;0.082064;0.011513;7.127653;0.000000;0.000054;0.000000;0.000031;1.000000;0.000000;1.000000
"all_ages";"black";4;48;10;38;1535.234698;40.400913;Uncorrelated;0;NA;NA;NA;0.179544;0.010447;17.185897;0.000000;-0.000302;0.000729;-0.413826;0.681601;NA;NA;NA;NA;0.000109;0.000000;0.000050;1.000000;0.000000;1.000000
"all_ages";"black";4;48;10;38;1535.234698;40.400913;Uncorrelated;1;25;24;26;-2.232062;0.884328;-2.524020;0.016439;0.096163;0.033317;2.886286;0.006727;0.096464;0.033325;2.894649;0.006586;0.000001;0.000000;0.012400;1.000000;0.000000;1.000000
"all_ages";"black";4;48;10;38;1535.234698;40.400913;Uncorrelated;2;28;27;29;1.554107;0.219291;7.086957;0.000000;-0.039058;0.007077;-5.519104;0.000004;-0.135220;0.034060;-3.970021;0.000353;0.782037;0.000000;0.000008;1.000000;0.000000;1.000000
"all_ages";"black";4;48;10;38;1535.234698;40.400913;Uncorrelated;3;34;30;37;0.050227;0.111357;0.451042;0.654823;0.005174;0.002867;1.804411;0.080032;0.044232;0.007636;5.792773;0.000002;0.001110;0.000000;0.211819;1.000000;0.000000;1.000000
"all_ages";"black";4;48;10;38;1535.234698;40.400913;Uncorrelated;4;44;36;46;2.379630;0.460238;5.170429;0.000010;-0.047767;0.009909;-4.820578;0.000029;-0.052941;0.010316;-5.132170;0.000012;0.048089;0.000000;0.000098;1.000000;0.000000;1.000000
"all_ages";"hisp";5;48;12;36;1655.692067;45.991446;Uncorrelated;0;NA;NA;NA;-0.354532;0.024229;-14.632742;0.000000;0.000629;0.001684;0.373577;0.711261;NA;NA;NA;NA;0.000587;0.000000;4.802511;1.000000;0.000000;1.000000
"all_ages";"hisp";5;48;12;36;1655.692067;45.991446;Uncorrelated;1;25;21;28;-1.925071;0.468081;-4.112689;0.000267;0.063451;0.016640;3.813044;0.000612;0.062822;0.016725;3.756056;0.000716;0.000003;0.000000;0.003794;1.000000;0.000000;1.000000
"all_ages";"hisp";5;48;12;36;1655.692067;45.991446;Uncorrelated;2;31;30;32;3.456475;2.242867;1.541097;0.133440;-0.110148;0.069107;-1.593863;0.121113;-0.173598;0.071083;-2.442207;0.020498;0.219100;0.000000;6.627626;1.000000;0.000000;1.000000
"all_ages";"hisp";5;48;12;36;1655.692067;45.991446;Uncorrelated;3;34;33;35;-4.629242;2.191463;-2.112398;0.042808;0.127668;0.061597;2.072616;0.046611;0.237815;0.092575;2.568904;0.015238;0.000277;0.000000;0.004479;1.000000;0.000000;1.000000
"all_ages";"hisp";5;48;12;36;1655.692067;45.991446;Uncorrelated;4;37;36;38;4.544373;2.574418;1.765204;0.087380;-0.120268;0.066926;-1.797040;0.082079;-0.247936;0.090957;-2.725840;0.010454;5.030452;0.000000;0.119775;1.000000;0.000000;1.000000
"all_ages";"hisp";5;48;12;36;1655.692067;45.991446;Uncorrelated;5;40;39;43;-0.468154;0.346085;-1.352717;0.185931;0.005045;0.007742;0.651630;0.519442;0.125313;0.067372;1.860020;0.072394;0.004776;0.000000;0.000060;1.000000;0.000000;1.000000
"all_ages";"multirace";0;48;2;46;76.127749;1.654951;Uncorrelated;0;NA;NA;NA;-0.813955;0.012238;-66.512517;0.000000;0.001293;0.000411;3.146277;0.002898;NA;NA;NA;NA;0.000150;-0.000004;0.000000;1.000000;-0.883992;1.000000
"all_ages";"nhopi";0;48;2;46;79.595705;1.730341;Uncorrelated;0;NA;NA;NA;-0.151901;0.023437;-6.481196;0.000000;0.005162;0.000767;6.730738;0.000000;NA;NA;NA;NA;0.000549;-0.000016;0.000001;1.000000;-0.890518;1.000000
"under65";"aian";4;48;10;38;57.269579;1.507094;Uncorrelated;0;NA;NA;NA;0.514344;0.014590;35.252147;0.000000;0.001570;0.000941;1.669386;0.104225;NA;NA;NA;NA;0.000213;0.000000;0.000046;1.000000;0.000000;1.000000
"under65";"aian";4;48;10;38;57.269579;1.507094;Uncorrelated;1;27;24;28;-1.778675;1.281946;-1.387480;0.174323;0.086497;0.044927;1.925256;0.062596;0.084927;0.044937;1.889890;0.067323;0.000001;0.000000;2.816305;1.000000;0.000000;1.000000
"under65";"aian";4;48;10;38;57.269579;1.507094;Uncorrelated;2;30;28;32;0.625172;0.226934;2.754865;0.009364;0.006369;0.006754;0.942999;0.352334;-0.080128;0.045432;-1.763685;0.086770;1.643387;0.000000;0.001901;1.000000;0.000000;1.000000
"under65";"aian";4;48;10;38;57.269579;1.507094;Uncorrelated;3;37;35;38;2.944213;1.678185;1.754403;0.088371;-0.056308;0.043600;-1.291466;0.205253;-0.062677;0.044120;-1.420595;0.164541;0.002018;0.000000;0.041844;1.000000;0.000000;1.000000
"under65";"aian";4;48;10;38;57.269579;1.507094;Uncorrelated;4;40;38;42;0.091128;0.204557;0.445488;0.658791;0.015019;0.004581;3.278756;0.002410;0.071327;0.043840;1.626984;0.112974;0.051499;0.000000;0.000021;1.000000;0.000000;1.000000
"under65";"asian";5;48;12;36;147.975286;4.110425;Uncorrelated;0;NA;NA;NA;-0.930781;0.017130;-54.335682;0.000000;-0.000343;0.001196;-0.286569;0.776349;NA;NA;NA;NA;0.000293;0.000000;0.145048;1.000000;0.000000;1.000000
"under65";"asian";5;48;12;36;147.975286;4.110425;Uncorrelated;1;25;22;26;-3.185326;1.430944;-2.226031;0.033417;0.089839;0.053926;1.665961;0.105796;0.090182;0.053939;1.671907;0.104608;0.000001;0.000000;0.000124;1.000000;0.000000;1.000000
"under65";"asian";5;48;12;36;147.975286;4.110425;Uncorrelated;2;28;27;29;2.668789;1.532848;1.741065;0.091590;-0.119237;0.052013;-2.292456;0.028826;-0.209076;0.074922;-2.790566;0.008923;2.047600;0.000000;0.387865;1.000000;0.000000;1.000000
"under65";"asian";5;48;12;36;147.975286;4.110425;Uncorrelated;3;31;30;34;-2.614408;0.380852;-6.864630;0.000000;0.051189;0.011144;4.593357;0.000069;0.170426;0.053193;3.203909;0.003133;0.002908;0.000000;0.000249;1.000000;0.000000;1.000000
"under65";"asian";5;48;12;36;147.975286;4.110425;Uncorrelated;4;37;35;39;1.495163;0.622788;2.400757;0.022550;-0.059880;0.015778;-3.795149;0.000643;-0.111069;0.019317;-5.749867;0.000003;2.349624;0.000000;0.158716;1.000000;0.000000;1.000000
"under65";"asian";5;48;12;36;147.975286;4.110425;Uncorrelated;5;42;39;46;-1.184193;0.398392;-2.972430;0.005671;0.003914;0.008754;0.447111;0.657904;0.063794;0.018044;3.535539;0.001303;0.002705;0.000000;0.000077;1.000000;0.000000;1.000000
"under65";"black";4;48;10;38;411.478086;10.828371;Uncorrelated;0;NA;NA;NA;0.409636;0.007798;52.533570;0.000000;0.000708;0.000545;1.298578;0.202828;NA;NA;NA;NA;0.000061;0.000000;0.000055;1.000000;0.000000;1.000000
"under65";"black";4;48;10;38;411.478086;10.828371;Uncorrelated;1;25;23;26;-1.313868;0.673233;-1.951581;0.059265;0.069648;0.025370;2.745252;0.009590;0.068940;0.025376;2.716707;0.010293;0.000000;0.000000;0.005064;1.000000;0.000000;1.000000
"under65";"black";4;48;10;38;411.478086;10.828371;Uncorrelated;2;28;27;29;1.321719;0.225784;5.853917;0.000001;-0.024480;0.007396;-3.310014;0.002216;-0.094128;0.026426;-3.561888;0.001114;0.453242;0.000000;0.000003;1.000000;0.000000;1.000000
"under65";"black";4;48;10;38;411.478086;10.828371;Uncorrelated;3;33;30;40;0.484625;0.071161;6.810239;0.000000;0.000887;0.001845;0.480519;0.633936;0.025366;0.007622;3.327874;0.002111;0.000644;0.000000;0.111749;1.000000;0.000000;1.000000
"under65";"black";4;48;10;38;411.478086;10.828371;Uncorrelated;4;44;40;46;2.442414;0.334289;7.306291;0.000000;-0.043608;0.007205;-6.052526;0.000001;-0.044495;0.007438;-5.982474;0.000001;0.050978;0.000000;0.000052;1.000000;0.000000;1.000000
"under65";"hisp";5;48;12;36;878.376719;24.399353;Uncorrelated;0;NA;NA;NA;-0.385241;0.024817;-15.522948;0.000000;0.002128;0.001723;1.235128;0.226062;NA;NA;NA;NA;0.000616;0.000000;5.429715;1.000000;0.000000;1.000000
"under65";"hisp";5;48;12;36;878.376719;24.399353;Uncorrelated;1;25;20;28;-1.828003;0.478231;-3.822426;0.000597;0.059838;0.016977;3.524766;0.001341;0.057711;0.017064;3.382057;0.001962;0.000003;0.000000;0.004293;1.000000;0.000000;1.000000
"under65";"hisp";5;48;12;36;878.376719;24.399353;Uncorrelated;2;31;27;32;2.632948;2.275355;1.157159;0.256046;-0.084063;0.070097;-1.199236;0.239523;-0.143902;0.072124;-1.995202;0.054874;0.228705;0.000000;7.026406;1.000000;0.000000;1.000000
"under65";"hisp";5;48;12;36;878.376719;24.399353;Uncorrelated;3;34;33;35;-4.689212;2.330175;-2.012386;0.052937;0.131294;0.065522;2.003812;0.053896;0.215358;0.095952;2.244428;0.032084;0.000288;0.000000;0.004745;1.000000;0.000000;1.000000
"under65";"hisp";5;48;12;36;878.376719;24.399353;Uncorrelated;4;37;36;38;5.394342;2.650737;2.035035;0.050475;-0.141234;0.068882;-2.050385;0.048864;-0.272528;0.095068;-2.866678;0.007392;5.177239;0.000000;0.116619;1.000000;0.000000;1.000000
"under65";"hisp";5;48;12;36;878.376719;24.399353;Uncorrelated;5;40;39;42;-0.963532;0.341495;-2.821512;0.008268;0.017713;0.007644;2.317068;0.027275;0.158947;0.069305;2.293451;0.028762;0.004914;0.000000;0.000058;1.000000;0.000000;1.000000
"under65";"multirace";0;48;2;46;75.025006;1.630978;Uncorrelated;0;NA;NA;NA;-0.600278;0.015079;-39.808213;0.000000;0.002422;0.000505;4.798391;0.000017;NA;NA;NA;NA;0.000227;-0.000007;0.000000;1.000000;-0.884053;1.000000
"under65";"nhopi";4;48;10;38;54.801628;1.442148;Uncorrelated;0;NA;NA;NA;0.258374;0.033494;7.713978;0.000000;0.000422;0.002231;0.189299;0.850984;NA;NA;NA;NA;0.001122;0.000000;0.000081;1.000000;0.000000;1.000000
"under65";"nhopi";4;48;10;38;54.801628;1.442148;Uncorrelated;1;26;3;36;-0.926764;0.937573;-0.988471;0.329905;0.046005;0.032852;1.400354;0.170468;0.045582;0.032928;1.384311;0.175282;0.000005;0.000000;15.836740;1.000000;0.000000;1.000000
"under65";"nhopi";4;48;10;38;54.801628;1.442148;Uncorrelated;2;31;26;39;0.900563;0.325180;2.769425;0.009030;-0.012941;0.008996;-1.438609;0.159404;-0.058946;0.034061;-1.730577;0.092595;0.879044;0.000000;0.008758;1.000000;0.000000;1.000000
"under65";"nhopi";4;48;10;38;54.801628;1.442148;Uncorrelated;3;41;39;43;-4.137676;3.979540;-1.039737;0.305800;0.109942;0.093585;1.174790;0.248241;0.122884;0.094016;1.307052;0.199966;0.001079;0.000000;1.502853;1.000000;0.000000;1.000000
"under65";"nhopi";4;48;10;38;54.801628;1.442148;Uncorrelated;4;44;43;46;3.065025;1.225909;2.500206;0.017398;-0.053755;0.026435;-2.033528;0.049863;-0.163698;0.097246;-1.683328;0.101473;0.105742;0.000000;0.000699;1.000000;0.000000;1.000000
