"age_grp";"race";"Model";"# Joinpoints";"# Observations";"# Parameters";"D.F.";"SSE";"BIC";"BIC3"
"65andup";"aian";1;0;48;2;46;   13209.4427909;       5.7787862;       5.7787862
"65andup";"aian";2;1;48;4;44;   11583.1397933;       5.8087049;       5.8893549
"65andup";"aian";3;2;48;6;42;    6708.8539805;       5.4238825;       5.5851826
"65andup";"aian";4;3;48;8;40;    3334.8837209;       4.8861922;       5.1281423
"65andup";"aian";5;4;48;10;38;    2765.7846178;       4.8603788;       5.1829789
"65andup";"aian";6;5;48;12;36;    2646.8533295;       4.9777260;       5.3809761
"65andup";"aian";7;6;48;14;34;    2122.4937092;       4.9182462;       5.4021464
"65andup";"aian";8;7;48;16;32;    2116.3206747;       5.0766337;       5.6411838
"65andup";"aian";9;8;48;18;30;    2040.8487157;       5.2016204;       5.8468206
"65andup";"aian";10;9;48;20;28;    1855.8930655;       5.2679207;       5.9937709
"65andup";"asian";1;0;48;2;46;  138537.8043416;       8.1289976;       8.1289976
"65andup";"asian";2;1;48;4;44;  101919.7488116;       7.9833401;       8.0639901
"65andup";"asian";3;2;48;6;42;   89109.4396715;       8.0103197;       8.1716197
"65andup";"asian";4;3;48;8;40;   73474.6713109;       7.9786952;       8.2206452
"65andup";"asian";5;4;48;10;38;   37128.6648359;       7.4574438;       7.7800439
"65andup";"asian";6;5;48;12;36;   18795.5091389;       6.9379725;       7.3412226
"65andup";"asian";7;6;48;14;34;   17770.4815796;       7.0431933;       7.5270934
"65andup";"asian";8;7;48;16;32;   16780.9967604;       7.1472017;       7.7117519
"65andup";"asian";9;8;48;18;30;   16610.9958153;       7.2983195;       7.9435197
"65andup";"asian";10;9;48;20;28;   16015.2061229;       7.4230933;       8.1489435
"65andup";"black";1;0;48;2;46;  463845.6202141;       9.3374061;       9.3374061
"65andup";"black";2;1;48;4;44;  323095.3132186;       9.1371017;       9.2177517
"65andup";"black";3;2;48;6;42;  171758.1525470;       8.6665418;       8.8278418
"65andup";"black";4;3;48;8;40;  108981.1099381;       8.3729290;       8.6148791
"65andup";"black";5;4;48;10;38;   75548.9524920;       8.1678353;       8.4904354
"65andup";"black";6;5;48;12;36;   71480.5091701;       8.2737793;       8.6770294
"65andup";"black";7;6;48;14;34;   67233.3448650;       8.3738239;       8.8577240
"65andup";"black";8;7;48;16;32;   64706.7534462;       8.4968202;       9.0613703
"65andup";"black";9;8;48;18;30;   60788.7581871;       8.5956595;       9.2408597
"65andup";"black";10;9;48;20;28;   60144.2029853;       8.7462998;       9.4721499
"65andup";"hisp";1;0;48;2;46;  503814.5578809;       9.4200626;       9.4200626
"65andup";"hisp";2;1;48;4;44;  324777.9907817;       9.1422962;       9.2229462
"65andup";"hisp";3;2;48;6;42;  222204.0301999;       8.9240504;       9.0853505
"65andup";"hisp";4;3;48;8;40;  199448.1301298;       8.9773086;       9.2192587
"65andup";"hisp";5;4;48;10;38;  138040.6315625;       8.7706026;       9.0932026
"65andup";"hisp";6;5;48;12;36;   69631.3317788;       8.2475692;       8.6508193
"65andup";"hisp";7;6;48;14;34;   64386.4045998;       8.3305571;       8.8144572
"65andup";"hisp";8;7;48;16;32;   62903.5869925;       8.4685578;       9.0331079
"65andup";"hisp";9;8;48;18;30;   62082.9611049;       8.6167262;       9.2619264
"65andup";"hisp";10;9;48;20;28;   61911.5146672;       8.7752609;       9.5011111
"65andup";"multirace";1;0;48;2;46;    4363.7172606;       4.6711786;       4.6711786
"65andup";"multirace";2;1;48;4;44;    3910.2353574;       4.7227519;       4.8034019
"65andup";"multirace";3;2;48;6;42;    3589.7668451;       4.7985416;       4.9598417
"65andup";"multirace";4;3;48;8;40;    3493.8221372;       4.9327507;       5.1747008
"65andup";"multirace";5;4;48;10;38;    3190.1183525;       5.0031125;       5.3257126
"65andup";"multirace";6;5;48;12;36;    3093.8111731;       5.1337582;       5.5370083
"65andup";"multirace";7;6;48;14;34;    2957.2381573;       5.2499103;       5.7338105
"65andup";"multirace";8;7;48;16;32;    2858.8474614;       5.3773732;       5.9419233
"65andup";"multirace";9;8;48;18;30;    2764.8287684;       5.5052334;       6.1504335
"65andup";"multirace";10;9;48;20;28;    2687.4328607;       5.6381411;       6.3639913
"65andup";"nhopi";1;0;48;2;46;    3060.5773747;       4.3164579;       4.3164579
"65andup";"nhopi";2;1;48;4;44;    2920.9135687;       4.4310508;       4.5117008
"65andup";"nhopi";3;2;48;6;42;    2654.6800615;       4.4967785;       4.6580786
"65andup";"nhopi";4;3;48;8;40;    2570.2345972;       4.6257516;       4.8677017
"65andup";"nhopi";5;4;48;10;38;    2390.8121662;       4.7146876;       5.0372877
"65andup";"nhopi";6;5;48;12;36;    2269.6435146;       4.8239773;       5.2272274
"65andup";"nhopi";7;6;48;14;34;    2149.8687743;       4.9310614;       5.4149615
"65andup";"nhopi";8;7;48;16;32;    2076.9976288;       5.0578780;       5.6224282
"65andup";"nhopi";9;8;48;18;30;    1998.3988251;       5.1806009;       5.8258011
"65andup";"nhopi";10;9;48;20;28;    1878.4251658;       5.2799884;       6.0058386
"all_ages";"aian";1;0;48;2;46;     372.0534446;       2.2091365;       2.2091365
"all_ages";"aian";2;1;48;4;44;     342.8870375;       2.2888001;       2.3694502
"all_ages";"aian";3;2;48;6;42;     116.3904301;       1.3696494;       1.5309495
"all_ages";"aian";4;3;48;8;40;     103.6935052;       1.4154386;       1.6573887
"all_ages";"aian";5;4;48;10;38;      77.3146767;       1.2831830;       1.6057831
"all_ages";"aian";6;5;48;12;36;      50.0011499;       1.0086452;       1.4118954
"all_ages";"aian";7;6;48;14;34;      43.2344217;       1.0245363;       1.5084364
"all_ages";"aian";8;7;48;16;32;      37.6651609;       1.0479349;       1.6124850
"all_ages";"aian";9;8;48;18;30;      35.2933526;       1.1441940;       1.7893942
"all_ages";"aian";10;9;48;20;28;      30.2853629;       1.1524639;       1.8783141
"all_ages";"asian";1;0;48;2;46;    2975.3266827;       4.2882082;       4.2882082
"all_ages";"asian";2;1;48;4;44;    2103.5232684;       4.1027680;       4.1834181
"all_ages";"asian";3;2;48;6;42;    1848.1262206;       4.1346267;       4.2959267
"all_ages";"asian";4;3;48;8;40;    1457.8765149;       4.0587354;       4.3006854
"all_ages";"asian";5;4;48;10;38;     879.0929761;       3.7141899;       4.0367900
"all_ages";"asian";6;5;48;12;36;     411.7920123;       3.1171176;       3.5203677
"all_ages";"asian";7;6;48;14;34;     348.0370623;       3.1102083;       3.5941084
"all_ages";"asian";8;7;48;16;32;     325.0168275;       3.2030763;       3.7676264
"all_ages";"asian";9;8;48;18;30;     322.1411679;       3.3554892;       4.0006894
"all_ages";"asian";10;9;48;20;28;     308.8813302;       3.4747566;       4.2006068
"all_ages";"black";1;0;48;2;46;    8646.9811306;       5.3550646;       5.3550646
"all_ages";"black";2;1;48;4;44;    6139.3283172;       5.1738697;       5.2545197
"all_ages";"black";3;2;48;6;42;    3222.1099347;       4.6904908;       4.8517908
"all_ages";"black";4;3;48;8;40;    2319.6720144;       4.5231802;       4.7651303
"all_ages";"black";5;4;48;10;38;    1535.2346980;       4.2717377;       4.5943378
"all_ages";"black";6;5;48;12;36;    1335.4099253;       4.2935928;       4.6968429
"all_ages";"black";7;6;48;14;34;    1261.7713984;       4.3981712;       4.8820713
"all_ages";"black";8;7;48;16;32;    1190.6407641;       4.5014462;       5.0659964
"all_ages";"black";9;8;48;18;30;    1157.5978686;       4.6346017;       5.2798019
"all_ages";"black";10;9;48;20;28;    1150.7030005;       4.7899277;       5.5157779
"all_ages";"hisp";1;0;48;2;46;   11849.0407083;       5.6701012;       5.6701012
"all_ages";"hisp";2;1;48;4;44;    7940.9458894;       5.4311868;       5.5118368
"all_ages";"hisp";3;2;48;6;42;    5484.2934352;       5.2223427;       5.3836427
"all_ages";"hisp";4;3;48;8;40;    4898.6317838;       5.2707104;       5.5126604
"all_ages";"hisp";5;4;48;10;38;    3744.5527611;       5.1633567;       5.4859567
"all_ages";"hisp";6;5;48;12;36;    1655.6920669;       4.5085736;       4.9118237
"all_ages";"hisp";7;6;48;14;34;    1527.6803059;       4.5894050;       5.0733051
"all_ages";"hisp";8;7;48;16;32;    1424.2305083;       4.6805863;       5.2451364
"all_ages";"hisp";9;8;48;18;30;    1406.7323656;       4.8295242;       5.4747244
"all_ages";"hisp";10;9;48;20;28;    1403.2159869;       4.9883214;       5.7141716
"all_ages";"multirace";1;0;48;2;46;      76.1277488;       0.6225119;       0.6225119
"all_ages";"multirace";2;1;48;4;44;      65.1501088;       0.6280930;       0.7087431
"all_ages";"multirace";3;2;48;6;42;      57.3514629;       0.6618975;       0.8231975
"all_ages";"multirace";4;3;48;8;40;      55.0293034;       0.7818650;       1.0238151
"all_ages";"multirace";5;4;48;10;38;      51.6271359;       0.8793466;       1.2019467
"all_ages";"multirace";6;5;48;12;36;      49.0613535;       0.9896709;       1.3929210
"all_ages";"multirace";7;6;48;14;34;      46.7630018;       1.1029916;       1.5868917
"all_ages";"multirace";8;7;48;16;32;      45.8000287;       1.2434840;       1.8080342
"all_ages";"multirace";9;8;48;18;30;      44.2199311;       1.3696750;       2.0148752
"all_ages";"multirace";10;9;48;20;28;      43.0276695;       1.5036428;       2.2294930
"all_ages";"nhopi";1;0;48;2;46;      79.5957053;       0.6670592;       0.6670592
"all_ages";"nhopi";2;1;48;4;44;      66.6789891;       0.6512890;       0.7319390
"all_ages";"nhopi";3;2;48;6;42;      60.2849657;       0.7117819;       0.8730819
"all_ages";"nhopi";4;3;48;8;40;      55.2574648;       0.7860026;       1.0279527
"all_ages";"nhopi";5;4;48;10;38;      44.7946249;       0.7373874;       1.0599874
"all_ages";"nhopi";6;5;48;12;36;      43.0893177;       0.8598744;       1.2631245
"all_ages";"nhopi";7;6;48;14;34;      37.2240478;       0.8748543;       1.3587544
"all_ages";"nhopi";8;7;48;16;32;      36.6518779;       1.0206640;       1.5852141
"all_ages";"nhopi";9;8;48;18;30;      35.1678183;       1.1406308;       1.7858309
"all_ages";"nhopi";10;9;48;20;28;      32.9367304;       1.2363879;       1.9622381
"under65";"aian";1;0;48;2;46;     336.3779880;       2.1083345;       2.1083345
"under65";"aian";2;1;48;4;44;     287.3846567;       2.1122207;       2.1928707
"under65";"aian";3;2;48;6;42;     105.0859706;       1.2674779;       1.4287779
"under65";"aian";4;3;48;8;40;      93.1648951;       1.3083701;       1.5503202
"under65";"aian";5;4;48;10;38;      57.2695788;       0.9830688;       1.3056689
"under65";"aian";6;5;48;12;36;      47.6359874;       0.9601878;       1.3634379
"under65";"aian";7;6;48;14;34;      38.0905191;       0.8978647;       1.3817648
"under65";"aian";8;7;48;16;32;      32.7240991;       0.9073111;       1.4718613
"under65";"aian";9;8;48;18;30;      32.5007626;       1.0617629;       1.7069631
"under65";"aian";10;9;48;20;28;      30.6315165;       1.1638288;       1.8896790
"under65";"asian";1;0;48;2;46;     836.1613555;       3.0189206;       3.0189206
"under65";"asian";2;1;48;4;44;     551.3787417;       2.7638210;       2.8444710
"under65";"asian";3;2;48;6;42;     497.0397474;       2.8213691;       2.9826692
"under65";"asian";4;3;48;8;40;     397.7859319;       2.7599132;       3.0018632
"under65";"asian";5;4;48;10;38;     239.5377544;       2.4140102;       2.7366103
"under65";"asian";6;5;48;12;36;     147.9752855;       2.0936445;       2.4968946
"under65";"asian";7;6;48;14;34;     129.2139563;       2.1193689;       2.6032690
"under65";"asian";8;7;48;16;32;     116.8194382;       2.1798288;       2.7443790
"under65";"asian";9;8;48;18;30;     112.9611217;       2.3075431;       2.9527432
"under65";"asian";10;9;48;20;28;     110.2703634;       2.4447346;       3.1705848
"under65";"black";1;0;48;2;46;    2414.5412331;       4.0793636;       4.0793636
"under65";"black";2;1;48;4;44;    1438.2053517;       3.7225504;       3.8032004
"under65";"black";3;2;48;6;42;     772.6017775;       3.2624629;       3.4237629
"under65";"black";4;3;48;8;40;     595.1113199;       3.1627476;       3.4046977
"under65";"black";5;4;48;10;38;     411.4780860;       2.9550550;       3.2776550
"under65";"black";6;5;48;12;36;     403.8969771;       3.0977591;       3.5010092
"under65";"black";7;6;48;14;34;     390.4843897;       3.2252873;       3.7091874
"under65";"black";8;7;48;16;32;     386.5638265;       3.3764963;       3.9410465
"under65";"black";9;8;48;18;30;     374.3044316;       3.5055688;       4.1507690
"under65";"black";10;9;48;20;28;     370.4624285;       3.6565514;       4.3824016
"under65";"hisp";1;0;48;2;46;    5842.9772692;       4.9630948;       4.9630948
"under65";"hisp";2;1;48;4;44;    4332.2576716;       4.8252432;       4.9058932
"under65";"hisp";3;2;48;6;42;    3131.5843386;       4.6619934;       4.8232935
"under65";"hisp";4;3;48;8;40;    2102.4645422;       4.4248647;       4.6668147
"under65";"hisp";5;4;48;10;38;    1871.4794840;       4.4697838;       4.7923838
"under65";"hisp";6;5;48;12;36;     878.3767191;       3.8746748;       4.2779249
"under65";"hisp";7;6;48;14;34;     729.6212422;       3.8504248;       4.3343250
"under65";"hisp";8;7;48;16;32;     664.2896260;       3.9179176;       4.4824677
"under65";"hisp";9;8;48;18;30;     654.6869406;       4.0646565;       4.7098567
"under65";"hisp";10;9;48;20;28;     647.5815541;       4.2150441;       4.9408943
"under65";"multirace";1;0;48;2;46;      75.0250060;       0.6079205;       0.6079205
"under65";"multirace";2;1;48;4;44;      73.3512021;       0.7466580;       0.8273080
"under65";"multirace";3;2;48;6;42;      66.6370985;       0.8119606;       0.9732606
"under65";"multirace";4;3;48;8;40;      60.1113537;       0.8701979;       1.1121480
"under65";"multirace";5;4;48;10;38;      55.3560017;       0.9490843;       1.2716844
"under65";"multirace";6;5;48;12;36;      52.5135946;       1.0576713;       1.4609214
"under65";"multirace";7;6;48;14;34;      49.3825473;       1.1574964;       1.6413965
"under65";"multirace";8;7;48;16;32;      46.0667059;       1.2492898;       1.8138399
"under65";"multirace";9;8;48;18;30;      43.1987775;       1.3463116;       1.9915117
"under65";"multirace";10;9;48;20;28;      40.8595041;       1.4519389;       2.1777891
"under65";"nhopi";1;0;48;2;46;     108.0472545;       0.9726677;       0.9726677
"under65";"nhopi";2;1;48;4;44;      94.9052006;       1.0042776;       1.0849276
"under65";"nhopi";3;2;48;6;42;      77.4185077;       0.9619250;       1.1232250
"under65";"nhopi";4;3;48;8;40;      68.8437548;       1.0058387;       1.2477887
"under65";"nhopi";5;4;48;10;38;      54.8016281;       0.9390191;       1.2616192
"under65";"nhopi";6;5;48;12;36;      51.6294702;       1.0406919;       1.4439420
"under65";"nhopi";7;6;48;14;34;      50.4467999;       1.1788186;       1.6627187
"under65";"nhopi";8;7;48;16;32;      47.8756294;       1.2878059;       1.8523561
"under65";"nhopi";9;8;48;18;30;      45.3648699;       1.3952374;       2.0404376
"under65";"nhopi";10;9;48;20;28;      43.9254315;       1.5242929;       2.2501431
