"age_grp";"race_eth";"Model";"#Obs";"#Param";"DF";"SSE";"MSE";"Auto Corr";"Segment";"Joinpoint";"Joinpoint 95% LCL";"Joinpoint 95% UCL";"Intercept Estimate";"Intercept Std Error";"Intercept Test Statistic";"Intercept P-Value";"Slope Estimate";"Slope Std Error";"Slope Test Statistic";"Slope P-Value";"SlopeChg Estimate";"SlopeChg Std Error";"SlopeChg Test Statistic";"SlopeChg P-Value";"Covar-Int vs Int";"Covar-Int vs Slope";"Covar-Slope vs Slope";"Corr-Int vs Int";"Corr-Int vs Slope";"Corr-Slope vs Slope"
65andup;American Indian or Alaska Native;4;50;10;40;7227.255337;180.681383;Uncorrelated;0;NA;NA;NA;5.751295;0.042048;136.780903;0.000000;-0.006501;0.003620;-1.795997;0.080892;NA;NA;NA;NA;0.001768;0.000000;0.011556;1.000000;0.000000;1.000000
65andup;American Indian or Alaska Native;4;50;10;40;7227.255337;180.681383;Uncorrelated;1;20;3;28;5.244442;0.178984;29.301173;0.000000;0.018842;0.006663;2.827807;0.007609;0.025343;0.007583;3.342152;0.001948;0.000013;0.000000;4.097990;1.000000;0.000000;1.000000
65andup;American Indian or Alaska Native;4;50;10;40;7227.255337;180.681383;Uncorrelated;2;33;30;35;1.044543;3.710149;0.281537;0.779911;0.146111;0.107500;1.359172;0.182546;0.127270;0.107707;1.181633;0.245099;0.032035;0.000000;0.002837;1.000000;0.000000;1.000000
65andup;American Indian or Alaska Native;4;50;10;40;7227.255337;180.681383;Uncorrelated;3;36;35;38;12.387331;2.024349;6.119167;0.000000;-0.168966;0.053268;-3.172022;0.003091;-0.315077;0.119974;-2.626214;0.012600;0.000044;0.000000;0.139872;1.000000;0.000000;1.000000
65andup;American Indian or Alaska Native;4;50;10;40;7227.255337;180.681383;Uncorrelated;4;40;38;42;4.008884;0.373995;10.719082;0.000000;0.040495;0.008220;4.926556;0.000019;0.209461;0.053898;3.886247;0.000420;13.765208;0.000000;0.000068;1.000000;0.000000;1.000000
65andup;Asian;5;50;12;38;794055.586338;20896.199640;Uncorrelated;0;NA;NA;NA;5.347301;0.039853;134.175931;0.000000;-0.006729;0.003096;-2.173530;0.037018;NA;NA;NA;NA;0.001588;0.000000;14.629982;1.000000;0.000000;1.000000
65andup;Asian;5;50;12;38;794055.586338;20896.199640;Uncorrelated;1;22;15;26;3.813388;0.635882;5.997001;0.000001;0.062995;0.025374;2.482617;0.018302;0.069723;0.025562;2.727568;0.010142;0.000010;0.000000;0.011604;1.000000;0.000000;1.000000
65andup;Asian;5;50;12;38;794055.586338;20896.199640;Uncorrelated;2;28;23;31;7.051040;0.763875;9.230615;0.000000;-0.052636;0.024600;-2.139644;0.039871;-0.115630;0.035342;-3.271796;0.002507;0.404347;0.000000;16.716713;1.000000;0.000000;1.000000
65andup;Asian;5;50;12;38;794055.586338;20896.199640;Uncorrelated;3;34;30;35;-2.397309;3.824916;-0.626761;0.535128;0.225257;0.107724;2.091056;0.044302;0.277893;0.110497;2.514929;0.016957;0.000644;0.000000;0.011275;1.000000;0.000000;1.000000
65andup;Asian;5;50;12;38;794055.586338;20896.199640;Uncorrelated;4;37;35;38;15.263667;4.088608;3.733219;0.000713;-0.252067;0.106185;-2.373852;0.023578;-0.477324;0.151260;-3.155646;0.003409;0.583506;0.000000;0.142428;1.000000;0.000000;1.000000
65andup;Asian;5;50;12;38;794055.586338;20896.199640;Uncorrelated;5;40;39;44;3.686312;0.377397;9.767736;0.000000;0.037367;0.008291;4.507034;0.000078;0.289434;0.106508;2.717487;0.010396;0.000605;0.000000;0.000069;1.000000;0.000000;1.000000
65andup;Black or African American;5;50;12;38;2952314.795256;77692.494612;Uncorrelated;0;NA;NA;NA;5.977872;0.039466;151.468385;0.000000;-0.002428;0.002713;-0.895193;0.377167;NA;NA;NA;NA;0.001558;0.000000;4.516426;1.000000;0.000000;1.000000
65andup;Black or African American;5;50;12;38;2952314.795256;77692.494612;Uncorrelated;1;25;17;27;2.063885;3.302484;0.624949;0.536302;0.154131;0.124600;1.237005;0.224816;0.156559;0.124630;1.256196;0.217866;0.000007;0.000000;0.003685;1.000000;0.000000;1.000000
65andup;Black or African American;5;50;12;38;2952314.795256;77692.494612;Uncorrelated;2;28;26;31;8.564494;1.187359;7.213063;0.000000;-0.078033;0.038891;-2.006486;0.053056;-0.232165;0.130529;-1.778650;0.084512;10.906403;0.000000;21.283479;1.000000;0.000000;1.000000
65andup;Black or African American;5;50;12;38;2952314.795256;77692.494612;Uncorrelated;3;33;30;35;2.618708;2.125189;1.232224;0.226573;0.102142;0.060701;1.682717;0.101870;0.180175;0.072091;2.499293;0.017596;0.015525;0.000000;0.014354;1.000000;0.000000;1.000000
65andup;Black or African American;5;50;12;38;2952314.795256;77692.494612;Uncorrelated;4;37;34;39;12.213455;4.613402;2.647386;0.012340;-0.157176;0.119810;-1.311872;0.198617;-0.259317;0.134309;-1.930746;0.062144;1.409821;0.000000;0.180344;1.000000;0.000000;1.000000
65andup;Black or African American;5;50;12;38;2952314.795256;77692.494612;Uncorrelated;5;40;38;45;4.942606;0.424669;11.638723;0.000000;0.024596;0.009326;2.637398;0.012642;0.181771;0.120173;1.512585;0.139904;0.001512;0.000000;0.000087;1.000000;0.000000;1.000000
65andup;hispanic;5;50;12;38;3049488.089748;80249.686572;Uncorrelated;0;NA;NA;NA;5.561110;0.043412;128.100662;0.000000;-0.002218;0.002972;-0.746114;0.460881;NA;NA;NA;NA;0.001885;0.000000;21.244735;1.000000;0.000000;1.000000
65andup;hispanic;5;50;12;38;3049488.089748;80249.686572;Uncorrelated;1;25;3;28;1.912706;3.587648;0.533136;0.597512;0.143719;0.135341;1.061903;0.295990;0.145936;0.135373;1.078028;0.288839;0.000009;0.000000;0.016850;1.000000;0.000000;1.000000
65andup;hispanic;5;50;12;38;3049488.089748;80249.686572;Uncorrelated;2;28;16;32;6.957209;0.917763;7.580614;0.000000;-0.036442;0.029560;-1.232840;0.226346;-0.180161;0.138531;-1.300509;0.202436;12.871217;0.000000;24.231460;1.000000;0.000000;1.000000
65andup;hispanic;5;50;12;38;3049488.089748;80249.686572;Uncorrelated;3;34;31;35;-0.902823;4.609201;-0.195874;0.845910;0.194735;0.129809;1.500165;0.143079;0.231177;0.133132;1.736450;0.091813;0.018317;0.000000;0.016345;1.000000;0.000000;1.000000
65andup;hispanic;5;50;12;38;3049488.089748;80249.686572;Uncorrelated;4;37;35;38;16.144552;4.922546;3.279716;0.002455;-0.266005;0.127849;-2.080621;0.045308;-0.460740;0.182197;-2.528802;0.016408;0.842289;0.000000;0.207742;1.000000;0.000000;1.000000
65andup;hispanic;5;50;12;38;3049488.089748;80249.686572;Uncorrelated;5;40;39;43;3.866257;0.455788;8.482582;0.000000;0.040953;0.010012;4.090481;0.000260;0.306957;0.128240;2.393615;0.022527;0.000874;0.000000;0.000100;1.000000;0.000000;1.000000
65andup;More than one race;0;50;2;48;34261.698621;713.785388;Uncorrelated;0;NA;NA;NA;4.940498;0.034042;145.128969;0.000000;0.003730;0.001107;3.370134;0.001490;NA;NA;NA;NA;0.001159;-0.000033;0.000001;1.000000;-0.886612;1.000000
65andup;Native Hawaiian or Other Pacific Islander;0;50;2;48;1238.827928;25.808915;Uncorrelated;0;NA;NA;NA;5.540984;0.046773;118.465251;0.000000;0.006224;0.001503;4.140821;0.000139;NA;NA;NA;NA;0.002188;-0.000063;0.000002;1.000000;-0.891195;1.000000
65andup;White;4;50;10;40;119276319.992798;2981907.999820;Uncorrelated;0;NA;NA;NA;6.105767;0.086866;70.289700;0.000000;-0.055628;0.031682;-1.755825;0.087624;NA;NA;NA;NA;0.007546;0.000000;0.009149;1.000000;0.000000;1.000000
65andup;White;4;50;10;40;119276319.992798;2981907.999820;Uncorrelated;1;5;3;22;5.808800;0.035338;164.378743;0.000000;0.003766;0.001707;2.205688;0.033876;0.059393;0.031728;1.871965;0.069353;0.001004;0.000000;3.274079;1.000000;0.000000;1.000000
65andup;White;4;50;10;40;119276319.992798;2981907.999820;Uncorrelated;2;33;29;35;2.388497;3.300252;0.723732;0.473907;0.107411;0.095649;1.122976;0.268881;0.103646;0.095664;1.083434;0.285819;0.001249;0.000000;0.002266;1.000000;0.000000;1.000000
65andup;White;4;50;10;40;119276319.992798;2981907.999820;Uncorrelated;3;36;35;38;10.197674;1.809442;5.635812;0.000002;-0.109510;0.047603;-2.300514;0.027321;-0.216922;0.106839;-2.030350;0.049759;0.000003;0.000000;0.113987;1.000000;0.000000;1.000000
65andup;White;4;50;10;40;119276319.992798;2981907.999820;Uncorrelated;4;40;38;43;4.622407;0.337620;13.691160;0.000000;0.029871;0.007409;4.031496;0.000275;0.139382;0.048176;2.893188;0.006436;10.891664;0.000000;0.000055;1.000000;0.000000;1.000000
all_ages;American Indian or Alaska Native;4;50;10;40;98.715659;2.467891;Uncorrelated;0;NA;NA;NA;4.220597;0.032717;129.005054;0.000000;-0.003172;0.002457;-1.290962;0.204946;NA;NA;NA;NA;0.001070;0.000000;0.009009;1.000000;0.000000;1.000000
all_ages;American Indian or Alaska Native;4;50;10;40;98.715659;2.467891;Uncorrelated;1;23;18;28;3.229082;0.154801;20.859580;0.000000;0.039937;0.005104;7.824444;0.000000;0.043109;0.005665;7.609970;0.000000;0.000006;0.000000;1.603514;1.000000;0.000000;1.000000
all_ages;American Indian or Alaska Native;4;50;10;40;98.715659;2.467891;Uncorrelated;2;37;32;38;10.516025;3.654106;2.877865;0.006694;-0.157007;0.094917;-1.654151;0.106791;-0.196944;0.095054;-2.071915;0.045496;0.023963;0.000000;0.000888;1.000000;0.000000;1.000000
all_ages;American Indian or Alaska Native;4;50;10;40;98.715659;2.467891;Uncorrelated;3;40;35;43;1.329992;1.266299;1.050298;0.300581;0.072644;0.029792;2.438346;0.019819;0.229651;0.099483;2.308447;0.026828;0.000026;0.000000;1.045993;1.000000;0.000000;1.000000
all_ages;American Indian or Alaska Native;4;50;10;40;98.715659;2.467891;Uncorrelated;4;45;38;48;5.598195;1.022738;5.473734;0.000004;-0.022205;0.021303;-1.042353;0.304198;-0.094849;0.036625;-2.589727;0.013777;13.352491;0.000000;0.000454;1.000000;0.000000;1.000000
all_ages;Asian;5;50;12;38;11029.074185;290.238794;Uncorrelated;0;NA;NA;NA;3.506323;0.035594;98.509290;0.000000;-0.005863;0.002773;-2.113895;0.042167;NA;NA;NA;NA;0.001267;0.000000;12.037578;1.000000;0.000000;1.000000
all_ages;Asian;5;50;12;38;11029.074185;290.238794;Uncorrelated;1;22;16;26;2.062485;0.574402;3.590665;0.001057;0.059766;0.022922;2.607363;0.013595;0.065629;0.023089;2.842400;0.007622;0.000008;0.000000;0.009548;1.000000;0.000000;1.000000
all_ages;Asian;5;50;12;38;11029.074185;290.238794;Uncorrelated;2;28;24;31;5.080303;0.690993;7.352174;0.000000;-0.048013;0.022255;-2.157435;0.038349;-0.107779;0.031948;-3.373553;0.001909;0.329938;0.000000;13.767841;1.000000;0.000000;1.000000
all_ages;Asian;5;50;12;38;11029.074185;290.238794;Uncorrelated;3;34;30;35;-3.591133;3.469521;-1.035051;0.308171;0.207029;0.097715;2.118713;0.041729;0.255042;0.100217;2.544903;0.015791;0.000525;0.000000;0.009286;1.000000;0.000000;1.000000
all_ages;Asian;5;50;12;38;11029.074185;290.238794;Uncorrelated;4;37;35;38;12.300065;3.710504;3.314931;0.002235;-0.222463;0.096366;-2.308525;0.027375;-0.429492;0.137239;-3.129521;0.003650;0.477472;0.000000;0.117486;1.000000;0.000000;1.000000
all_ages;Asian;5;50;12;38;11029.074185;290.238794;Uncorrelated;5;40;39;44;2.174165;0.342763;6.343063;0.000000;0.030685;0.007529;4.075659;0.000271;0.253147;0.096659;2.618967;0.013219;0.000495;0.000000;0.000057;1.000000;0.000000;1.000000
all_ages;Black or African American;2;50;6;44;67587.235813;1536.073541;Uncorrelated;0;NA;NA;NA;4.335126;0.042961;100.907371;0.000000;-0.002971;0.003229;-0.919847;0.362906;NA;NA;NA;NA;0.001846;0.000000;0.001740;1.000000;0.000000;1.000000
all_ages;Black or African American;2;50;6;44;67587.235813;1536.073541;Uncorrelated;1;23;16;27;2.845996;1.065063;2.672137;0.010682;0.061774;0.041719;1.480734;0.146141;0.064745;0.041843;1.547309;0.129292;0.000010;0.000000;0.015091;1.000000;0.000000;1.000000
all_ages;Black or African American;2;50;6;44;67587.235813;1536.073541;Uncorrelated;2;28;25;32;4.724439;0.122846;38.458286;0.000000;-0.005313;0.003066;-1.733022;0.090429;-0.067087;0.041831;-1.603762;0.116261;1.134360;0.000000;0.000009;1.000000;0.000000;1.000000
all_ages;hispanic;3;50;8;42;88444.545376;2105.822509;Uncorrelated;0;NA;NA;NA;3.816447;0.058231;65.539827;0.000000;-0.004045;0.004773;-0.847642;0.401809;NA;NA;NA;NA;0.003391;0.000000;35.728401;1.000000;0.000000;1.000000
all_ages;hispanic;3;50;8;42;88444.545376;2105.822509;Uncorrelated;1;21;15;35;2.920595;0.202219;14.442759;0.000000;0.038614;0.006860;5.629282;0.000002;0.042660;0.008356;5.104984;0.000009;0.000023;0.000000;0.024096;1.000000;0.000000;1.000000
all_ages;hispanic;3;50;8;42;88444.545376;2105.822509;Uncorrelated;2;37;35;39;10.289547;5.977324;1.721430;0.093097;-0.160547;0.155230;-1.034251;0.307390;-0.199161;0.155381;-1.281755;0.207497;0.040892;0.000000;0.303273;1.000000;0.000000;1.000000
all_ages;hispanic;3;50;8;42;88444.545376;2105.822509;Uncorrelated;3;40;39;43;2.611334;0.550702;4.741825;0.000028;0.031409;0.012110;2.593701;0.013304;0.191955;0.155702;1.232841;0.225015;0.000047;0.000000;0.000147;1.000000;0.000000;1.000000
all_ages;More than one race;3;50;8;42;295.134901;7.027021;Uncorrelated;0;NA;NA;NA;3.377913;0.034674;97.420046;0.000000;-0.004712;0.002692;-1.750260;0.087938;NA;NA;NA;NA;0.001202;0.000000;13.013226;1.000000;0.000000;1.000000
all_ages;More than one race;3;50;8;42;295.134901;7.027021;Uncorrelated;1;22;15;35;2.805142;0.137183;20.448205;0.000000;0.021323;0.004583;4.652661;0.000037;0.026035;0.005315;4.898174;0.000017;0.000007;0.000000;0.008776;1.000000;0.000000;1.000000
all_ages;More than one race;3;50;8;42;295.134901;7.027021;Uncorrelated;2;37;34;39;5.879510;3.607385;1.629854;0.111184;-0.061768;0.093679;-0.659364;0.513537;-0.083091;0.093791;-0.885919;0.381092;0.018819;0.000000;0.108671;1.000000;0.000000;1.000000
all_ages;More than one race;3;50;8;42;295.134901;7.027021;Uncorrelated;3;40;38;44;2.670433;0.329653;8.100739;0.000000;0.018459;0.007251;2.545550;0.014977;0.080227;0.093959;0.853851;0.398402;0.000021;0.000000;0.000053;1.000000;0.000000;1.000000
all_ages;Native Hawaiian or Other Pacific Islander;4;50;10;40;9.029352;0.225734;Uncorrelated;0;NA;NA;NA;4.081147;0.047836;85.316264;0.000000;-0.004810;0.003879;-1.240201;0.222924;NA;NA;NA;NA;0.002288;0.000000;0.003783;1.000000;0.000000;1.000000
all_ages;Native Hawaiian or Other Pacific Islander;4;50;10;40;9.029352;0.225734;Uncorrelated;1;21;3;35;3.421318;0.160158;21.362130;0.000000;0.026610;0.005421;4.908543;0.000020;0.031420;0.006666;4.713670;0.000036;0.000015;0.000000;25.027274;1.000000;0.000000;1.000000
all_ages;Native Hawaiian or Other Pacific Islander;4;50;10;40;9.029352;0.225734;Uncorrelated;2;37;19;40;7.483416;2.399465;3.118786;0.003564;-0.083176;0.061509;-1.352272;0.184723;-0.109786;0.061747;-1.778005;0.083851;0.025651;0.000000;0.013864;1.000000;0.000000;1.000000
all_ages;Native Hawaiian or Other Pacific Islander;4;50;10;40;9.029352;0.225734;Uncorrelated;3;41;35;43;-1.199774;5.002727;-0.239824;0.811827;0.128609;0.117745;1.092265;0.281972;0.211785;0.132843;1.594254;0.119622;0.000029;0.000000;0.978911;1.000000;0.000000;1.000000
all_ages;Native Hawaiian or Other Pacific Islander;4;50;10;40;9.029352;0.225734;Uncorrelated;4;44;38;48;5.080508;0.989399;5.134942;0.000010;-0.014125;0.020864;-0.676989;0.502740;-0.142734;0.119579;-1.193632;0.240429;5.757431;0.000000;0.000435;1.000000;0.000000;1.000000
all_ages;White;0;50;2;48;2930431.997195;61050.666608;Uncorrelated;0;NA;NA;NA;4.086294;0.025900;157.772334;0.000000;0.004091;0.000881;4.641317;0.000027;NA;NA;NA;NA;0.000671;-0.000020;0.000001;1.000000;-0.871491;1.000000
under65;American Indian or Alaska Native;4;50;10;40;136.031472;3.400787;Uncorrelated;0;NA;NA;NA;3.485975;0.029464;118.312858;0.000000;0.000241;0.002253;0.106919;0.915447;NA;NA;NA;NA;0.000868;0.000000;0.009033;1.000000;0.000000;1.000000
under65;American Indian or Alaska Native;4;50;10;40;136.031472;3.400787;Uncorrelated;1;23;18;28;2.526957;0.149115;16.946306;0.000000;0.041937;0.004937;8.494551;0.000000;0.041696;0.005427;7.683712;0.000000;0.000005;0.000000;1.664039;1.000000;0.000000;1.000000
under65;American Indian or Alaska Native;4;50;10;40;136.031472;3.400787;Uncorrelated;2;37;29;38;8.636980;3.659412;2.360210;0.023803;-0.123198;0.095042;-1.296258;0.203135;-0.165136;0.095170;-1.735171;0.091265;0.022235;0.000000;0.000921;1.000000;0.000000;1.000000
under65;American Indian or Alaska Native;4;50;10;40;136.031472;3.400787;Uncorrelated;3;40;38;43;0.476008;1.289976;0.369005;0.714285;0.080826;0.030356;2.662584;0.011520;0.204024;0.099772;2.044910;0.048227;0.000024;0.000000;1.040926;1.000000;0.000000;1.000000
under65;American Indian or Alaska Native;4;50;10;40;136.031472;3.400787;Uncorrelated;4;45;43;47;6.824604;1.020258;6.689098;0.000000;-0.060254;0.021236;-2.837328;0.007426;-0.141080;0.037047;-3.808144;0.000526;13.391299;0.000000;0.000451;1.000000;0.000000;1.000000
under65;Asian;6;50;14;36;8721.178187;242.254950;Uncorrelated;0;NA;NA;NA;2.031091;0.022952;88.494245;0.000000;-0.000515;0.001595;-0.322999;0.748936;NA;NA;NA;NA;0.000527;0.000000;0.001311;1.000000;0.000000;1.000000
under65;Asian;6;50;14;36;8721.178187;242.254950;Uncorrelated;1;25;3;27;-0.718729;1.980249;-0.362949;0.719188;0.109478;0.074703;1.465504;0.153187;0.109993;0.074720;1.472065;0.151417;0.000003;0.000000;0.811021;1.000000;0.000000;1.000000
under65;Asian;6;50;14;36;8721.178187;242.254950;Uncorrelated;2;28;20;30;3.953151;0.710648;5.562738;0.000005;-0.057375;0.023280;-2.464627;0.019663;-0.166853;0.078246;-2.132407;0.041275;3.921386;0.000000;0.000519;1.000000;0.000000;1.000000
under65;Asian;6;50;14;36;8721.178187;242.254950;Uncorrelated;3;33;27;35;-1.286295;1.268001;-1.014427;0.318491;0.101396;0.036209;2.800264;0.008847;0.158771;0.043047;3.688309;0.000892;0.005581;0.000000;10.026849;1.000000;0.000000;1.000000
under65;Asian;6;50;14;36;8721.178187;242.254950;Uncorrelated;4;37;30;39;5.453234;0.900567;6.055332;0.000001;-0.080754;0.022792;-3.543077;0.001317;-0.182149;0.042785;-4.257278;0.000187;0.505021;0.000000;0.005297;1.000000;0.000000;1.000000
under65;Asian;6;50;14;36;8721.178187;242.254950;Uncorrelated;5;42;35;44;-1.240625;3.166520;-0.391795;0.697979;0.078624;0.072783;1.080258;0.288636;0.159378;0.076268;2.089710;0.045224;0.000542;0.000000;0.609354;1.000000;0.000000;1.000000
under65;Asian;6;50;14;36;8721.178187;242.254950;Uncorrelated;6;45;39;48;3.559986;0.780611;4.560510;0.000080;-0.028056;0.016249;-1.726597;0.094526;-0.106680;0.074574;-1.430520;0.162902;1.607827;0.000000;0.000264;1.000000;0.000000;1.000000
under65;Black or African American;2;50;6;44;72358.504677;1644.511470;Uncorrelated;0;NA;NA;NA;3.373458;0.033281;101.362602;0.000000;0.000399;0.002329;0.171291;0.864818;NA;NA;NA;NA;0.001108;0.000000;0.012381;1.000000;0.000000;1.000000
under65;Black or African American;2;50;6;44;72358.504677;1644.511470;Uncorrelated;1;25;18;27;1.019243;2.949099;0.345612;0.731360;0.094568;0.111270;0.849894;0.400203;0.094169;0.111294;0.846123;0.402279;0.000005;0.000000;0.011307;1.000000;0.000000;1.000000
under65;Black or African American;2;50;6;44;72358.504677;1644.511470;Uncorrelated;2;28;26;33;3.714876;0.106332;34.936543;0.000000;-0.001705;0.002659;-0.641202;0.524875;-0.096273;0.111302;-0.864971;0.391969;8.697183;0.000000;0.000007;1.000000;0.000000;1.000000
under65;hispanic;6;50;14;36;107840.681912;2995.574498;Uncorrelated;0;NA;NA;NA;2.577406;0.033969;75.874233;0.000000;0.001865;0.002352;0.792891;0.434068;NA;NA;NA;NA;0.001154;0.000000;0.011955;1.000000;0.000000;1.000000
under65;hispanic;6;50;14;36;107840.681912;2995.574498;Uncorrelated;1;25;17;28;0.487707;0.690274;0.706540;0.485304;0.085453;0.024621;3.470738;0.001596;0.083588;0.024733;3.379604;0.002030;0.000006;0.000000;17.429795;1.000000;0.000000;1.000000
under65;hispanic;6;50;14;36;107840.681912;2995.574498;Uncorrelated;2;31;27;32;6.262700;3.557305;1.760518;0.088513;-0.100837;0.109432;-0.921456;0.364164;-0.186290;0.112168;-1.660813;0.107169;0.476478;0.000000;0.011756;1.000000;0.000000;1.000000
under65;hispanic;6;50;14;36;107840.681912;2995.574498;Uncorrelated;3;34;32;35;-3.251912;3.881695;-0.837756;0.408793;0.179004;0.109338;1.637169;0.112044;0.279842;0.154694;1.809001;0.080483;0.000606;0.000000;2.109896;1.000000;0.000000;1.000000
under65;hispanic;6;50;14;36;107840.681912;2995.574498;Uncorrelated;4;37;35;38;10.946665;4.174901;2.622018;0.013598;-0.204741;0.108424;-1.888332;0.068686;-0.383745;0.153982;-2.492139;0.018450;12.654420;0.000000;0.001168;1.000000;0.000000;1.000000
under65;hispanic;6;50;14;36;107840.681912;2995.574498;Uncorrelated;5;40;39;43;-0.657918;1.452548;-0.452941;0.653850;0.085374;0.034175;2.498134;0.018194;0.290115;0.113683;2.551969;0.016045;0.011975;0.000000;1.378708;1.000000;0.000000;1.000000
under65;hispanic;6;50;14;36;107840.681912;2995.574498;Uncorrelated;6;45;42;48;5.622756;1.174184;4.788649;0.000042;-0.054197;0.024455;-2.216157;0.034410;-0.139571;0.042024;-3.321233;0.002365;15.067558;0.000000;0.000598;1.000000;0.000000;1.000000
under65;More than one race;0;50;2;48;1331.609852;27.741872;Uncorrelated;0;NA;NA;NA;2.289207;0.027307;83.831239;0.000000;0.008309;0.000923;9.003944;0.000000;NA;NA;NA;NA;0.000746;-0.000022;0.000001;1.000000;-0.875247;1.000000
under65;Native Hawaiian or Other Pacific Islander;0;50;2;48;57.778703;1.203723;Uncorrelated;0;NA;NA;NA;3.073198;0.045060;68.201945;0.000000;0.012728;0.001519;8.378348;0.000000;NA;NA;NA;NA;0.002030;-0.000060;0.000002;1.000000;-0.875381;1.000000
under65;White;2;50;6;44;800100.561891;18184.103679;Uncorrelated;0;NA;NA;NA;2.974513;0.025877;114.950182;0.000000;-0.001492;0.002278;-0.654940;0.516078;NA;NA;NA;NA;0.000670;0.000000;0.000002;1.000000;0.000000;1.000000
under65;White;2;50;6;44;800100.561891;18184.103679;Uncorrelated;1;20;9;43;2.730372;0.047833;57.081469;0.000000;0.010715;0.001376;7.787749;0.000000;0.012207;0.002662;4.586311;0.000040;0.000005;0.000000;14.438988;1.000000;0.000000;1.000000
under65;White;2;50;6;44;800100.561891;18184.103679;Uncorrelated;2;48;43;48;8.302255;3.799867;2.184880;0.034528;-0.105366;0.076764;-1.372601;0.177162;-0.116081;0.076776;-1.511939;0.138038;0.002288;0.000000;0.005893;1.000000;0.000000;1.000000
