"age_grp";"race";"month_from_start";"rr";"Model";"Standard Error";"Flag";"APC";"Joinpoints";"Final Selected Model"
65andup;aian;1;0.853857802;0.840611650;0.003594195;NA;-0.179046407;3;3
65andup;aian;2;0.789910998;0.839106565;0.003814781;NA;-0.179046407;3;3
65andup;aian;3;0.877792901;0.837604175;0.003950654;NA;-0.179046407;3;3
65andup;aian;4;0.814535580;0.836104475;0.003918231;NA;-0.179046407;3;3
65andup;aian;5;0.826034082;0.834607460;0.003992145;NA;-0.179046407;3;3
65andup;aian;6;0.854847787;0.833113125;0.004166548;NA;-0.179046407;3;3
65andup;aian;7;0.896014773;0.831621466;0.004223728;NA;-0.179046407;3;3
65andup;aian;8;0.780770729;0.830132478;0.003904520;NA;-0.179046407;3;3
65andup;aian;9;0.848545051;0.828646156;0.004139539;NA;-0.179046407;3;3
65andup;aian;10;0.768128246;0.827162494;0.003749923;NA;-0.179046407;3;3
65andup;aian;11;0.817221364;0.825681490;0.003905416;NA;-0.179046407;3;3
65andup;aian;12;0.822725403;0.824203137;0.003786155;NA;-0.179046407;3;3
65andup;aian;13;0.843648524;0.822727431;0.003743929;NA;-0.179046407;3;3
65andup;aian;14;0.852433091;0.821254367;0.003934555;NA;-0.179046407;3;3
65andup;aian;15;0.793566800;0.819783940;0.003635636;NA;-0.179046407;3;3
65andup;aian;16;0.859372920;0.818316146;0.003923470;NA;-0.179046407;3;3
65andup;aian;17;0.812459677;0.816850981;0.003838175;NA;-0.179046407;3;3
65andup;aian;18;0.796014689;0.815388438;0.003884407;NA;-0.179046407;3;3
65andup;aian;19;0.791236722;0.813928515;0.003871787;NA;-0.179046407;3;3
65andup;aian;20;0.783226993;0.812471205;0.003847778;NA;-0.179046407;3;3
65andup;aian;21;0.822445028;0.811016505;0.003957970;NA;-0.179046407;3;3
65andup;aian;22;0.820748022;0.809564409;0.003790040;NA;-0.179046407;3;3
65andup;aian;23;0.801784343;0.808114913;0.003755063;NA;-0.179046407;3;3
65andup;aian;24;0.776099630;0.806668012;0.003542491;NA;-0.179046407;3;3
65andup;aian;25;0.854529159;0.805223702;0.003673379;NA;-0.179046407;3;3
65andup;aian;26;0.789340474;0.803781978;0.003646514;Joinpoint 1;NA;3;3
65andup;aian;27;0.806183370;0.825569163;0.003535894;NA;2.710583939*;3;3
65andup;aian;28;0.823700523;0.847946908;0.003371842;NA;2.710583939*;3;3
65andup;aian;29;0.917279361;0.870931221;0.003772915;NA;2.710583939*;3;3
65andup;aian;30;0.972865339;0.894538543;0.004106237;NA;2.710583939*;3;3
65andup;aian;31;0.908855149;0.918785761;0.003769647;NA;2.710583939*;3;3
65andup;aian;32;0.914157771;0.943690220;0.003769969;NA;2.710583939*;3;3
65andup;aian;33;0.915055107;0.969269735;0.003848315;NA;2.710583939*;3;3
65andup;aian;34;0.985570328;0.995542605;0.003824888;NA;2.710583939*;3;3
65andup;aian;35;1.028472920;1.022527623;0.003654093;NA;2.710583939*;3;3
65andup;aian;36;1.052088256;1.050244093;0.003372382;Joinpoint 2;NA;3;3
65andup;aian;37;0.996502537;0.975904412;0.003307324;NA;-7.078324101;3;3
65andup;aian;38;0.909779354;0.906826735;0.003636690;NA;-7.078324101;3;3
65andup;aian;39;0.845440921;0.842638599;0.003618021;Joinpoint 3;NA;3;3
65andup;aian;40;0.818464881;0.848540229;0.003628224;NA;0.700374917;3;3
65andup;aian;41;0.820685257;0.854483192;0.003612859;NA;0.700374917;3;3
65andup;aian;42;0.868798658;0.860467778;0.003810167;NA;0.700374917;3;3
65andup;aian;43;0.838059641;0.866494278;0.003640064;NA;0.700374917;3;3
65andup;aian;44;0.901504663;0.872562987;0.003557915;NA;0.700374917;3;3
65andup;aian;45;0.906895083;0.878674199;0.003525175;NA;0.700374917;3;3
65andup;aian;46;0.935759860;0.884828213;0.003583015;NA;0.700374917;3;3
65andup;aian;47;0.914239983;0.891025328;0.003629105;NA;0.700374917;3;3
65andup;aian;48;0.853952053;0.897265845;0.003391249;NA;0.700374917;3;3
65andup;aian;49;0.881526352;0.903550070;0.003191701;NA;0.700374917;3;3
65andup;aian;50;0.904405287;0.909878308;0.003605949;NA;0.700374917;3;3
65andup;asian;1;0.559728783;0.557974614;0.000988459;NA;-0.136647168;5;5
65andup;asian;2;0.549845590;0.557212158;0.001079429;NA;-0.136647168;5;5
65andup;asian;3;0.571390944;0.556450743;0.001080154;NA;-0.136647168;5;5
65andup;asian;4;0.548345302;0.555690369;0.001086428;NA;-0.136647168;5;5
65andup;asian;5;0.558691241;0.554931034;0.001117765;NA;-0.136647168;5;5
65andup;asian;6;0.551667337;0.554172736;0.001134614;NA;-0.136647168;5;5
65andup;asian;7;0.556650258;0.553415475;0.001127344;NA;-0.136647168;5;5
65andup;asian;8;0.539101446;0.552659248;0.001108610;NA;-0.136647168;5;5
65andup;asian;9;0.545545106;0.551904055;0.001124610;NA;-0.136647168;5;5
65andup;asian;10;0.537942980;0.551149894;0.001068340;NA;-0.136647168;5;5
65andup;asian;11;0.559835019;0.550396763;0.001090536;NA;-0.136647168;5;5
65andup;asian;12;0.558067066;0.549644661;0.001049553;NA;-0.136647168;5;5
65andup;asian;13;0.545756033;0.548893588;0.001017335;NA;-0.136647168;5;5
65andup;asian;14;0.571907638;0.548143540;0.001095420;NA;-0.136647168;5;5
65andup;asian;15;0.567666525;0.547394517;0.001041231;NA;-0.136647168;5;5
65andup;asian;16;0.540268538;0.546646518;0.001055914;NA;-0.136647168;5;5
65andup;asian;17;0.533105813;0.545899541;0.001047708;NA;-0.136647168;5;5
65andup;asian;18;0.537840615;0.545153585;0.001079537;NA;-0.136647168;5;5
65andup;asian;19;0.538234933;0.544408648;0.001072070;NA;-0.136647168;5;5
65andup;asian;20;0.525764727;0.543664729;0.001060059;NA;-0.136647168;5;5
65andup;asian;21;0.524628425;0.542921827;0.001067852;NA;-0.136647168;5;5
65andup;asian;22;0.541082404;0.542179939;0.001044133;NA;-0.136647168;5;5
65andup;asian;23;0.553016377;0.541439066;0.001051068;NA;-0.136647168;5;5
65andup;asian;24;0.554602214;0.540699205;0.001013018;NA;-0.136647168;5;5
65andup;asian;25;0.566350508;0.539960354;0.001003727;Joinpoint 1;NA;5;5
65andup;asian;26;0.568905957;0.590119263;0.001048601;NA;9.289368807*;5;5
65andup;asian;27;0.604460707;0.644937618;0.001036049;NA;9.289368807*;5;5
65andup;asian;28;0.777996742;0.704848252;0.001111354;Joinpoint 2;NA;5;5
65andup;asian;29;0.627712336;0.665927974;0.001054460;NA;-5.521795346*;5;5
65andup;asian;30;0.590397010;0.629156794;0.001085779;NA;-5.521795346*;5;5
65andup;asian;31;0.571294966;0.594416044;0.001020146;NA;-5.521795346*;5;5
65andup;asian;32;0.581398004;0.561593606;0.001019602;NA;-5.521795346*;5;5
65andup;asian;33;0.556356584;0.530583556;0.001017589;NA;-5.521795346*;5;5
65andup;asian;34;0.523723517;0.501285818;0.000943887;Joinpoint 3;NA;5;5
65andup;asian;35;0.524248410;0.562607578;0.000889388;NA;12.232893423*;5;5
65andup;asian;36;0.629647527;0.631430764;0.000888726;NA;12.232893423*;5;5
65andup;asian;37;0.741002515;0.708673016;0.000976077;Joinpoint 4;NA;5;5
65andup;asian;38;0.678165055;0.672713797;0.001076912;NA;-5.074162374*;5;5
65andup;asian;39;0.629359469;0.638579206;0.001056090;NA;-5.074162374*;5;5
65andup;asian;40;0.572501299;0.606176660;0.001033841;NA;-5.074162374*;5;5
65andup;asian;41;0.552869379;0.575418272;0.001011502;NA;-5.074162374*;5;5
65andup;asian;42;0.531014257;0.546220615;0.001014797;NA;-5.074162374*;5;5
65andup;asian;43;0.540037076;0.518504494;0.000997581;NA;-5.074162374*;5;5
65andup;asian;44;0.512794111;0.492194734;0.000916915;Joinpoint 5;NA;5;5
65andup;asian;45;0.513111732;0.510438925;0.000907851;NA;3.706701697*;5;5
65andup;asian;46;0.531142067;0.529359373;0.000923862;NA;3.706701697*;5;5
65andup;asian;47;0.534474662;0.548981146;0.000942666;NA;3.706701697*;5;5
65andup;asian;48;0.552831683;0.569330239;0.000926921;NA;3.706701697*;5;5
65andup;asian;49;0.617846922;0.590433613;0.000909280;NA;3.706701697*;5;5
65andup;asian;50;0.600845594;0.612319225;0.000999776;NA;3.706701697*;5;5
65andup;black;1;1.064001281;1.082605867;0.001008518;NA;-0.100360231;3;3
65andup;black;2;1.077108356;1.081519361;0.001121390;NA;-0.100360231;3;3
65andup;black;3;1.066373357;1.080433946;0.001092547;NA;-0.100360231;3;3
65andup;black;4;1.050855165;1.079349620;0.001117459;NA;-0.100360231;3;3
65andup;black;5;1.070053808;1.078266382;0.001148284;NA;-0.100360231;3;3
65andup;black;6;1.085475187;1.077184232;0.001185799;NA;-0.100360231;3;3
65andup;black;7;1.087547581;1.076103167;0.001173137;NA;-0.100360231;3;3
65andup;black;8;1.102105921;1.075023187;0.001183205;NA;-0.100360231;3;3
65andup;black;9;1.094385571;1.073944292;0.001187587;NA;-0.100360231;3;3
65andup;black;10;1.078865813;1.072866479;0.001131389;NA;-0.100360231;3;3
65andup;black;11;1.082754144;1.071789747;0.001132026;NA;-0.100360231;3;3
65andup;black;12;1.087078034;1.070714097;0.001095813;NA;-0.100360231;3;3
65andup;black;13;1.066874696;1.069639526;0.001063676;NA;-0.100360231;3;3
65andup;black;14;1.066717380;1.068566033;0.001117639;NA;-0.100360231;3;3
65andup;black;15;1.070546865;1.067493618;0.001070824;NA;-0.100360231;3;3
65andup;black;16;1.055324112;1.066422278;0.001106518;NA;-0.100360231;3;3
65andup;black;17;1.061331281;1.065352015;0.001110735;NA;-0.100360231;3;3
65andup;black;18;1.069395823;1.064282825;0.001145418;NA;-0.100360231;3;3
65andup;black;19;1.071454538;1.063214708;0.001140636;NA;-0.100360231;3;3
65andup;black;20;1.070131783;1.062147663;0.001140670;NA;-0.100360231;3;3
65andup;black;21;1.083725294;1.061081690;0.001158573;NA;-0.100360231;3;3
65andup;black;22;1.070171699;1.060016786;0.001106380;NA;-0.100360231;3;3
65andup;black;23;1.087354268;1.058952950;0.001113376;NA;-0.100360231;3;3
65andup;black;24;1.082791457;1.057890183;0.001072561;NA;-0.100360231;3;3
65andup;black;25;1.062730960;1.056828482;0.001042097;Joinpoint 1;NA;3;3
65andup;black;26;1.077010983;1.182728809;0.001092352;NA;11.913033196;3;3
65andup;black;27;1.188407669;1.323627685;0.001107931;NA;11.913033196;3;3
65andup;black;28;1.667689461;1.481311891;0.001268481;Joinpoint 2;NA;3;3
65andup;black;29;1.348463757;1.405617558;0.001190076;NA;-5.109952413*;3;3
65andup;black;30;1.218220959;1.333791170;0.001192785;NA;-5.109952413*;3;3
65andup;black;31;1.264174673;1.265635076;0.001164745;NA;-5.109952413*;3;3
65andup;black;32;1.242695442;1.200961725;0.001144133;NA;-5.109952413*;3;3
65andup;black;33;1.141111346;1.139593153;0.001114711;Joinpoint 3;NA;3;3
65andup;black;34;1.087609759;1.136156813;0.001039911;NA;-0.301540904;3;3
65andup;black;35;1.060397968;1.132730836;0.000966562;NA;-0.301540904;3;3
65andup;black;36;1.099288541;1.129315189;0.000899110;NA;-0.301540904;3;3
65andup;black;37;1.186006672;1.125909842;0.000945640;NA;-0.301540904;3;3
65andup;black;38;1.242595374;1.122514763;0.001123058;NA;-0.301540904;3;3
65andup;black;39;1.152981925;1.119129922;0.001096732;NA;-0.301540904;3;3
65andup;black;40;1.153111736;1.115755287;0.001128760;NA;-0.301540904;3;3
65andup;black;41;1.130959739;1.112390829;0.001113170;NA;-0.301540904;3;3
65andup;black;42;1.086114213;1.109036515;0.001114029;NA;-0.301540904;3;3
65andup;black;43;1.087148730;1.105692317;0.001087674;NA;-0.301540904;3;3
65andup;black;44;1.148389641;1.102358202;0.001053563;NA;-0.301540904;3;3
65andup;black;45;1.098578021;1.099034141;0.001016384;NA;-0.301540904;3;3
65andup;black;46;1.015787772;1.095720104;0.000973237;NA;-0.301540904;3;3
65andup;black;47;1.010951739;1.092416059;0.000987879;NA;-0.301540904;3;3
65andup;black;48;0.973516357;1.089121978;0.000934056;NA;-0.301540904;3;3
65andup;black;49;1.216430819;1.085837830;0.000980401;NA;-0.301540904;3;3
65andup;black;50;1.074699916;1.082563585;0.001018926;NA;-0.301540904;3;3
65andup;hisp;1;0.707248222;0.709396461;0.000830291;NA;0.009205246;5;5
65andup;hisp;2;0.707877370;0.709461763;0.000915895;NA;0.009205246;5;5
65andup;hisp;3;0.714948090;0.709527070;0.000903686;NA;0.009205246;5;5
65andup;hisp;4;0.703490636;0.709592384;0.000922328;NA;0.009205246;5;5
65andup;hisp;5;0.707821120;0.709657704;0.000942363;NA;0.009205246;5;5
65andup;hisp;6;0.721173402;0.709723030;0.000974167;NA;0.009205246;5;5
65andup;hisp;7;0.711397637;0.709788361;0.000957038;NA;0.009205246;5;5
65andup;hisp;8;0.716501394;0.709853699;0.000960441;NA;0.009205246;5;5
65andup;hisp;9;0.704673180;0.709919043;0.000960287;NA;0.009205246;5;5
65andup;hisp;10;0.691213155;0.709984393;0.000911232;NA;0.009205246;5;5
65andup;hisp;11;0.705037224;0.710049749;0.000920184;NA;0.009205246;5;5
65andup;hisp;12;0.713204599;0.710115110;0.000892740;NA;0.009205246;5;5
65andup;hisp;13;0.721868815;0.710180478;0.000881186;NA;0.009205246;5;5
65andup;hisp;14;0.708317058;0.710245852;0.000917529;NA;0.009205246;5;5
65andup;hisp;15;0.712287143;0.710311232;0.000879282;NA;0.009205246;5;5
65andup;hisp;16;0.710946093;0.710376618;0.000915324;NA;0.009205246;5;5
65andup;hisp;17;0.724952962;0.710442010;0.000924220;NA;0.009205246;5;5
65andup;hisp;18;0.709444301;0.710507408;0.000938144;NA;0.009205246;5;5
65andup;hisp;19;0.713931236;0.710572812;0.000934905;NA;0.009205246;5;5
65andup;hisp;20;0.702430437;0.710638222;0.000927721;NA;0.009205246;5;5
65andup;hisp;21;0.706919477;0.710703638;0.000938870;NA;0.009205246;5;5
65andup;hisp;22;0.698255733;0.710769060;0.000896182;NA;0.009205246;5;5
65andup;hisp;23;0.702967887;0.710834488;0.000896628;NA;0.009205246;5;5
65andup;hisp;24;0.709480779;0.710899922;0.000867824;NA;0.009205246;5;5
65andup;hisp;25;0.723768654;0.710965362;0.000863144;Joinpoint 1;NA;5;5
65andup;hisp;26;0.724084108;0.758632009;0.000898846;NA;6.704496376*;5;5
65andup;hisp;27;0.752729425;0.809494464;0.000878294;NA;6.704496376*;5;5
65andup;hisp;28;1.029346104;0.863766991;0.000980885;NA;6.704496376*;5;5
65andup;hisp;29;0.863829871;0.921678218;0.000944292;NA;6.704496376*;5;5
65andup;hisp;30;0.858673328;0.983472101;0.000998995;NA;6.704496376*;5;5
65andup;hisp;31;1.091632490;1.049408952;0.001090364;Joinpoint 2;NA;5;5
65andup;hisp;32;0.953376619;0.931255389;0.001002215;NA;-11.259058013;5;5
65andup;hisp;33;0.800852761;0.826404805;0.000932806;NA;-11.259058013;5;5
65andup;hisp;34;0.749952520;0.733359408;0.000861262;Joinpoint 3;NA;5;5
65andup;hisp;35;0.816772507;0.829039343;0.000850284;NA;13.046799943;5;5
65andup;hisp;36;0.938438808;0.937202448;0.000832967;NA;13.046799943;5;5
65andup;hisp;37;1.077299894;1.059477376;0.000905546;Joinpoint 4;NA;5;5
65andup;hisp;38;0.965514246;0.962561308;0.000985835;NA;-9.147535424*;5;5
65andup;hisp;39;0.835804678;0.874510671;0.000930475;NA;-9.147535424*;5;5
65andup;hisp;40;0.776489742;0.794514498;0.000920619;NA;-9.147535424*;5;5
65andup;hisp;41;0.751617958;0.721836003;0.000900149;Joinpoint 5;NA;5;5
65andup;hisp;42;0.731716473;0.733410694;0.000910798;NA;1.603507070*;5;5
65andup;hisp;43;0.735221152;0.745170986;0.000890257;NA;1.603507070*;5;5
65andup;hisp;44;0.804764757;0.757119856;0.000879180;NA;1.603507070*;5;5
65andup;hisp;45;0.794624169;0.769260326;0.000862471;NA;1.603507070*;5;5
65andup;hisp;46;0.735681663;0.781595470;0.000828812;NA;1.603507070*;5;5
65andup;hisp;47;0.752630039;0.794128409;0.000853472;NA;1.603507070*;5;5
65andup;hisp;48;0.749716004;0.806862314;0.000823191;NA;1.603507070*;5;5
65andup;hisp;49;0.883292426;0.819800408;0.000833611;NA;1.603507070*;5;5
65andup;hisp;50;0.833129460;0.832945965;0.000900240;NA;1.603507070*;5;5
65andup;multirace;1;0.402881621;0.407265064;0.002061417;NA;0.019788258;0;0
65andup;multirace;2;0.411426291;0.407345655;0.002292356;NA;0.019788258;0;0
65andup;multirace;3;0.448329785;0.407426261;0.002348192;NA;0.019788258;0;0
65andup;multirace;4;0.369444519;0.407506884;0.002179701;NA;0.019788258;0;0
65andup;multirace;5;0.442688054;0.407587522;0.002434500;NA;0.019788258;0;0
65andup;multirace;6;0.422094170;0.407668177;0.002428090;NA;0.019788258;0;0
65andup;multirace;7;0.412434329;0.407748847;0.002377472;NA;0.019788258;0;0
65andup;multirace;8;0.430377848;0.407829534;0.002425233;NA;0.019788258;0;0
65andup;multirace;9;0.421558704;0.407910236;0.002414311;NA;0.019788258;0;0
65andup;multirace;10;0.422782029;0.407990954;0.002320932;NA;0.019788258;0;0
65andup;multirace;11;0.407529405;0.408071689;0.002278037;NA;0.019788258;0;0
65andup;multirace;12;0.410811557;0.408152439;0.002207377;NA;0.019788258;0;0
65andup;multirace;13;0.364770941;0.408233205;0.002037756;NA;0.019788258;0;0
65andup;multirace;14;0.420575800;0.408313987;0.002284308;NA;0.019788258;0;0
65andup;multirace;15;0.413777937;0.408394786;0.002177969;NA;0.019788258;0;0
65andup;multirace;16;0.366331069;0.408475600;0.002125389;NA;0.019788258;0;0
65andup;multirace;17;0.411949017;0.408556430;0.002255028;NA;0.019788258;0;0
65andup;multirace;18;0.396231480;0.408637276;0.002254775;NA;0.019788258;0;0
65andup;multirace;19;0.416508684;0.408718138;0.002312496;NA;0.019788258;0;0
65andup;multirace;20;0.407070960;0.408799017;0.002295906;NA;0.019788258;0;0
65andup;multirace;21;0.403794002;0.408879911;0.002295151;NA;0.019788258;0;0
65andup;multirace;22;0.373101128;0.408960821;0.002115365;NA;0.019788258;0;0
65andup;multirace;23;0.382499391;0.409041747;0.002136385;NA;0.019788258;0;0
65andup;multirace;24;0.428774449;0.409122689;0.002189171;NA;0.019788258;0;0
65andup;multirace;25;0.388429220;0.409203648;0.002039685;NA;0.019788258;0;0
65andup;multirace;26;0.410361506;0.409284622;0.002180054;NA;0.019788258;0;0
65andup;multirace;27;0.386146068;0.409365612;0.002022138;NA;0.019788258;0;0
65andup;multirace;28;0.383473311;0.409446619;0.001892463;NA;0.019788258;0;0
65andup;multirace;29;0.391997385;0.409527641;0.002029851;NA;0.019788258;0;0
65andup;multirace;30;0.427696705;0.409608679;0.002261482;NA;0.019788258;0;0
65andup;multirace;31;0.411866843;0.409689734;0.002101554;NA;0.019788258;0;0
65andup;multirace;32;0.413778575;0.409770804;0.002104405;NA;0.019788258;0;0
65andup;multirace;33;0.425633893;0.409851891;0.002173046;NA;0.019788258;0;0
65andup;multirace;34;0.395089826;0.409932993;0.002008171;NA;0.019788258;0;0
65andup;multirace;35;0.381317987;0.410014112;0.001855185;NA;0.019788258;0;0
65andup;multirace;36;0.404488920;0.410095247;0.001732174;NA;0.019788258;0;0
65andup;multirace;37;0.436474946;0.410176397;0.001817629;NA;0.019788258;0;0
65andup;multirace;38;0.422604229;0.410257564;0.002067360;NA;0.019788258;0;0
65andup;multirace;39;0.411259076;0.410338747;0.002092751;NA;0.019788258;0;0
65andup;multirace;40;0.456019292;0.410419946;0.002263679;NA;0.019788258;0;0
65andup;multirace;41;0.430663668;0.410501161;0.002172675;NA;0.019788258;0;0
65andup;multirace;42;0.396740521;0.410582392;0.002127994;NA;0.019788258;0;0
65andup;multirace;43;0.417523776;0.410663639;0.002142077;NA;0.019788258;0;0
65andup;multirace;44;0.407351718;0.410744902;0.001998211;NA;0.019788258;0;0
65andup;multirace;45;0.407530099;0.410826181;0.001961841;NA;0.019788258;0;0
65andup;multirace;46;0.434984940;0.410907477;0.002038828;NA;0.019788258;0;0
65andup;multirace;47;0.413278709;0.410988788;0.002009648;NA;0.019788258;0;0
65andup;multirace;48;0.392580712;0.411070116;0.001901194;NA;0.019788258;0;0
65andup;multirace;49;0.410832372;0.411151459;0.001801259;NA;0.019788258;0;0
65andup;multirace;50;0.407924572;0.411232819;0.002014231;NA;0.019788258;0;0
65andup;nhopi;1;0.789108803;0.745269363;0.007786625;NA;0.295052406*;0;0
65andup;nhopi;2;0.684847070;0.747468299;0.007944903;NA;0.295052406*;0;0
65andup;nhopi;3;0.862556549;0.749673722;0.008733016;NA;0.295052406*;0;0
65andup;nhopi;4;0.840443638;0.751885652;0.009038437;NA;0.295052406*;0;0
65andup;nhopi;5;0.715074166;0.754104109;0.008347426;NA;0.295052406*;0;0
65andup;nhopi;6;0.802099594;0.756329111;0.009066142;NA;0.295052406*;0;0
65andup;nhopi;7;0.836276413;0.758560678;0.009111487;NA;0.295052406*;0;0
65andup;nhopi;8;0.687069181;0.760798830;0.008262218;NA;0.295052406*;0;0
65andup;nhopi;9;0.801331875;0.763043585;0.009090497;NA;0.295052406*;0;0
65andup;nhopi;10;0.756002312;0.765294964;0.008354105;NA;0.295052406*;0;0
65andup;nhopi;11;0.737150928;0.767552985;0.008264119;NA;0.295052406*;0;0
65andup;nhopi;12;0.741600899;0.769817668;0.007942003;NA;0.295052406*;0;0
65andup;nhopi;13;0.754498344;0.772089034;0.007789924;NA;0.295052406*;0;0
65andup;nhopi;14;0.778154270;0.774367101;0.008373813;NA;0.295052406*;0;0
65andup;nhopi;15;0.770421520;0.776651890;0.007906009;NA;0.295052406*;0;0
65andup;nhopi;16;0.840978486;0.778943420;0.008579794;NA;0.295052406*;0;0
65andup;nhopi;17;0.823482234;0.781241711;0.008530010;NA;0.295052406*;0;0
65andup;nhopi;18;0.753142491;0.783546784;0.008364497;NA;0.295052406*;0;0
65andup;nhopi;19;0.698622841;0.785858657;0.008048345;NA;0.295052406*;0;0
65andup;nhopi;20;0.720543738;0.788177352;0.008009079;NA;0.295052406*;0;0
65andup;nhopi;21;0.764556864;0.790502889;0.008318012;NA;0.295052406*;0;0
65andup;nhopi;22;0.787247893;0.792835286;0.008167351;NA;0.295052406*;0;0
65andup;nhopi;23;0.818160617;0.795174566;0.008354409;NA;0.295052406*;0;0
65andup;nhopi;24;0.667020467;0.797520748;0.007211015;NA;0.295052406*;0;0
65andup;nhopi;25;0.834115507;0.799873852;0.007890541;NA;0.295052406*;0;0
65andup;nhopi;26;0.873786886;0.802233899;0.008521641;NA;0.295052406*;0;0
65andup;nhopi;27;0.662608615;0.804600909;0.007019957;NA;0.295052406*;0;0
65andup;nhopi;28;0.739946893;0.806974904;0.007113571;NA;0.295052406*;0;0
65andup;nhopi;29;0.677291850;0.809355902;0.007129291;NA;0.295052406*;0;0
65andup;nhopi;30;0.842619994;0.811743927;0.008263170;NA;0.295052406*;0;0
65andup;nhopi;31;0.871241442;0.814138997;0.008148019;NA;0.295052406*;0;0
65andup;nhopi;32;0.839660937;0.816541133;0.007952240;NA;0.295052406*;0;0
65andup;nhopi;33;0.800393850;0.818950357;0.007843558;NA;0.295052406*;0;0
65andup;nhopi;34;0.756512045;0.821366690;0.007430430;NA;0.295052406*;0;0
65andup;nhopi;35;0.775934486;0.823790152;0.006965747;NA;0.295052406*;0;0
65andup;nhopi;36;0.856361915;0.826220765;0.006614766;NA;0.295052406*;0;0
65andup;nhopi;37;0.911136896;0.828658549;0.006955455;NA;0.295052406*;0;0
65andup;nhopi;38;0.887038319;0.831103526;0.007890858;NA;0.295052406*;0;0
65andup;nhopi;39;0.842124994;0.833555717;0.007831091;NA;0.295052406*;0;0
65andup;nhopi;40;0.895442193;0.836015143;0.008358112;NA;0.295052406*;0;0
65andup;nhopi;41;0.779477933;0.838481826;0.007771067;NA;0.295052406*;0;0
65andup;nhopi;42;0.782606810;0.840955787;0.007753991;NA;0.295052406*;0;0
65andup;nhopi;43;0.776739287;0.843437047;0.007729588;NA;0.295052406*;0;0
65andup;nhopi;44;0.871358486;0.845925629;0.007587909;NA;0.295052406*;0;0
65andup;nhopi;45;0.903393668;0.848421553;0.007723743;NA;0.295052406*;0;0
65andup;nhopi;46;0.775951046;0.850924841;0.007101063;NA;0.295052406*;0;0
65andup;nhopi;47;0.722291642;0.853435515;0.007077780;NA;0.295052406*;0;0
65andup;nhopi;48;0.893774921;0.855953597;0.007635363;NA;0.295052406*;0;0
65andup;nhopi;49;0.950121445;0.858479109;0.007280487;NA;0.295052406*;0;0
65andup;nhopi;50;0.950702223;0.861012072;0.008142648;NA;0.295052406*;0;0
all_ages;aian;1;1.028089107;1.066718063;0.025901228;NA;-0.040434251;5;5
all_ages;aian;2;1.019756066;1.066286744;0.028121602;NA;-0.040434251;5;5
all_ages;aian;3;1.098061559;1.065855599;0.028661086;NA;-0.040434251;5;5
all_ages;aian;4;1.043139626;1.065424628;0.028647600;NA;-0.040434251;5;5
all_ages;aian;5;1.083881178;1.064993832;0.029324614;NA;-0.040434251;5;5
all_ages;aian;6;1.082982316;1.064563209;0.029993288;NA;-0.040434251;5;5
all_ages;aian;7;1.142229093;1.064132761;0.030427156;NA;-0.040434251;5;5
all_ages;aian;8;1.053412450;1.063702487;0.028979402;NA;-0.040434251;5;5
all_ages;aian;9;1.070703517;1.063272387;0.029810069;NA;-0.040434251;5;5
all_ages;aian;10;1.016310736;1.062842461;0.027888654;NA;-0.040434251;5;5
all_ages;aian;11;1.043144370;1.062412708;0.028541797;NA;-0.040434251;5;5
all_ages;aian;12;1.068627573;1.061983130;0.028035293;NA;-0.040434251;5;5
all_ages;aian;13;1.094531113;1.061553725;0.027884883;NA;-0.040434251;5;5
all_ages;aian;14;1.080168063;1.061124493;0.028959329;NA;-0.040434251;5;5
all_ages;aian;15;1.050817169;1.060695436;0.027294209;NA;-0.040434251;5;5
all_ages;aian;16;1.081841589;1.060266551;0.028798402;NA;-0.040434251;5;5
all_ages;aian;17;1.069330436;1.059837841;0.028526978;NA;-0.040434251;5;5
all_ages;aian;18;1.037135522;1.059409303;0.028765889;NA;-0.040434251;5;5
all_ages;aian;19;1.062066779;1.058980939;0.028858045;NA;-0.040434251;5;5
all_ages;aian;20;1.039226242;1.058552748;0.028768962;NA;-0.040434251;5;5
all_ages;aian;21;1.062521081;1.058124730;0.029264787;NA;-0.040434251;5;5
all_ages;aian;22;1.064887245;1.057696885;0.028274741;NA;-0.040434251;5;5
all_ages;aian;23;1.054014190;1.057269213;0.028129751;NA;-0.040434251;5;5
all_ages;aian;24;1.034242707;1.056841715;0.026764478;NA;-0.040434251;5;5
all_ages;aian;25;1.093617747;1.056414388;0.027328135;NA;-0.040434251;5;5
all_ages;aian;26;1.043179258;1.055987235;0.027542518;NA;-0.040434251;5;5
all_ages;aian;27;1.063387434;1.055560255;0.026755117;Joinpoint 1;NA;5;5
all_ages;aian;28;1.089687594;1.138440420;0.025821928;NA;7.851770163;5;5
all_ages;aian;29;1.240228536;1.227828145;0.028626892;NA;7.851770163;5;5
all_ages;aian;30;1.376345728;1.324234389;0.031613441;Joinpoint 2;NA;5;5
all_ages;aian;31;1.354727161;1.328389391;0.029946813;NA;0.313766364;5;5
all_ages;aian;32;1.281987337;1.332557430;0.029180791;NA;0.313766364;5;5
all_ages;aian;33;1.263524415;1.336738547;0.029645527;NA;0.313766364;5;5
all_ages;aian;34;1.343592195;1.340932783;0.029579372;NA;0.313766364;5;5
all_ages;aian;35;1.369616352;1.345140179;0.028404603;NA;0.313766364;5;5
all_ages;aian;36;1.362769360;1.349360777;0.025981878;NA;0.313766364;5;5
all_ages;aian;37;1.371998126;1.353594617;0.026147941;Joinpoint 3;NA;5;5
all_ages;aian;38;1.269908253;1.283901432;0.028656743;NA;-5.148748700;5;5
all_ages;aian;39;1.179562784;1.217796573;0.027916035;NA;-5.148748700;5;5
all_ages;aian;40;1.159828780;1.155095288;0.028206465;Joinpoint 4;NA;5;5
all_ages;aian;41;1.208230770;1.189599465;0.028557188;NA;2.987128216*;5;5
all_ages;aian;42;1.254563713;1.225134327;0.029745876;NA;2.987128216*;5;5
all_ages;aian;43;1.227696419;1.261730660;0.028812289;NA;2.987128216*;5;5
all_ages;aian;44;1.330103374;1.299420172;0.028047901;NA;2.987128216*;5;5
all_ages;aian;45;1.308569741;1.338235519;0.027311744;Joinpoint 5;NA;5;5
all_ages;aian;46;1.337234325;1.306498541;0.028039914;NA;-2.371553991*;5;5
all_ages;aian;47;1.281672058;1.275514223;0.028279205;NA;-2.371553991*;5;5
all_ages;aian;48;1.216374868;1.245264714;0.026768284;NA;-2.371553991*;5;5
all_ages;aian;49;1.184224101;1.215732589;0.024723358;NA;-2.371553991*;5;5
all_ages;aian;50;1.226801238;1.186900835;0.028162306;NA;-2.371553991*;5;5
all_ages;asian;1;0.516458041;0.513790070;0.006409840;NA;-0.117884275;5;5
all_ages;asian;2;0.503793422;0.513184392;0.006931417;NA;-0.117884275;5;5
all_ages;asian;3;0.528055740;0.512579429;0.006929429;NA;-0.117884275;5;5
all_ages;asian;4;0.506696462;0.511975178;0.006966739;NA;-0.117884275;5;5
all_ages;asian;5;0.510005864;0.511371640;0.007067511;NA;-0.117884275;5;5
all_ages;asian;6;0.505656821;0.510768813;0.007141510;NA;-0.117884275;5;5
all_ages;asian;7;0.505075196;0.510166697;0.007056196;NA;-0.117884275;5;5
all_ages;asian;8;0.498872979;0.509565291;0.007013381;NA;-0.117884275;5;5
all_ages;asian;9;0.502283476;0.508964593;0.007116946;NA;-0.117884275;5;5
all_ages;asian;10;0.497942365;0.508364604;0.006829967;NA;-0.117884275;5;5
all_ages;asian;11;0.522779408;0.507765322;0.007032814;NA;-0.117884275;5;5
all_ages;asian;12;0.517871684;0.507166747;0.006776495;NA;-0.117884275;5;5
all_ages;asian;13;0.507589979;0.506568877;0.006584726;NA;-0.117884275;5;5
all_ages;asian;14;0.532125611;0.505971712;0.007089532;NA;-0.117884275;5;5
all_ages;asian;15;0.517336963;0.505375251;0.006668265;NA;-0.117884275;5;5
all_ages;asian;16;0.504814393;0.504779493;0.006815098;NA;-0.117884275;5;5
all_ages;asian;17;0.492895574;0.504184437;0.006704829;NA;-0.117884275;5;5
all_ages;asian;18;0.497887888;0.503590083;0.006896220;NA;-0.117884275;5;5
all_ages;asian;19;0.492939043;0.502996429;0.006787261;NA;-0.117884275;5;5
all_ages;asian;20;0.489483612;0.502403476;0.006779763;NA;-0.117884275;5;5
all_ages;asian;21;0.488009666;0.501811221;0.006836522;NA;-0.117884275;5;5
all_ages;asian;22;0.499533587;0.501219664;0.006694437;NA;-0.117884275;5;5
all_ages;asian;23;0.504961021;0.500628805;0.006716943;NA;-0.117884275;5;5
all_ages;asian;24;0.516449301;0.500038643;0.006560386;NA;-0.117884275;5;5
all_ages;asian;25;0.516513457;0.499449176;0.006436993;Joinpoint 1;NA;5;5
all_ages;asian;26;0.527337337;0.543304977;0.006766323;NA;8.780833560*;5;5
all_ages;asian;27;0.557847441;0.591011682;0.006673988;NA;8.780833560*;5;5
all_ages;asian;28;0.720396145;0.642907434;0.007235326;Joinpoint 2;NA;5;5
all_ages;asian;29;0.573265563;0.608736607;0.006693083;NA;-5.315046229*;5;5
all_ages;asian;30;0.533631195;0.576381975;0.006783360;NA;-5.315046229*;5;5
all_ages;asian;31;0.514922523;0.545747007;0.006375431;NA;-5.315046229*;5;5
all_ages;asian;32;0.522932276;0.516740301;0.006393288;NA;-5.315046229*;5;5
all_ages;asian;33;0.512901670;0.489275315;0.006478889;NA;-5.315046229*;5;5
all_ages;asian;34;0.487934750;0.463270106;0.006087848;Joinpoint 3;NA;5;5
all_ages;asian;35;0.492950077;0.519540988;0.005838686;NA;12.146452266*;5;5
all_ages;asian;36;0.589470892;0.582646786;0.005877610;NA;12.146452266*;5;5
all_ages;asian;37;0.680857677;0.653417700;0.006359268;Joinpoint 4;NA;5;5
all_ages;asian;38;0.622804065;0.617903284;0.006909333;NA;-5.435178202*;5;5
all_ages;asian;39;0.568752943;0.584319139;0.006622294;NA;-5.435178202*;5;5
all_ages;asian;40;0.520766895;0.552560352;0.006462229;NA;-5.435178202*;5;5
all_ages;asian;41;0.506420319;0.522527713;0.006327203;NA;-5.435178202*;5;5
all_ages;asian;42;0.473155586;0.494127400;0.006248722;NA;-5.435178202*;5;5
all_ages;asian;43;0.488519215;0.467270696;0.006206034;NA;-5.435178202*;5;5
all_ages;asian;44;0.465242038;0.441873701;0.005651106;Joinpoint 5;NA;5;5
all_ages;asian;45;0.456079032;0.459797566;0.005512770;NA;4.056332202*;5;5
all_ages;asian;46;0.481733961;0.478448483;0.005764410;NA;4.056332202*;5;5
all_ages;asian;47;0.491111921;0.497855942;0.006001994;NA;4.056332202*;5;5
all_ages;asian;48;0.500859271;0.518050633;0.005878973;NA;4.056332202*;5;5
all_ages;asian;49;0.561039912;0.539064488;0.005853089;NA;4.056332202*;5;5
all_ages;asian;50;0.552942323;0.560930734;0.006504819;NA;4.056332202*;5;5
all_ages;black;1;1.179592714;1.196402693;0.007106612;NA;-0.031176153;3;3
all_ages;black;2;1.186618024;1.196029701;0.007832645;NA;-0.031176153;3;3
all_ages;black;3;1.183539393;1.195656825;0.007620270;NA;-0.031176153;3;3
all_ages;black;4;1.178949025;1.195284065;0.007834126;NA;-0.031176153;3;3
all_ages;black;5;1.192334555;1.194911422;0.007962388;NA;-0.031176153;3;3
all_ages;black;6;1.197723956;1.194538894;0.008132051;NA;-0.031176153;3;3
all_ages;black;7;1.204202490;1.194166483;0.008052709;NA;-0.031176153;3;3
all_ages;black;8;1.212845022;1.193794188;0.008111590;NA;-0.031176153;3;3
all_ages;black;9;1.211268009;1.193422009;0.008195447;NA;-0.031176153;3;3
all_ages;black;10;1.194873059;1.193049946;0.007856977;NA;-0.031176153;3;3
all_ages;black;11;1.206729099;1.192677998;0.007935993;NA;-0.031176153;3;3
all_ages;black;12;1.206044671;1.192306167;0.007680621;NA;-0.031176153;3;3
all_ages;black;13;1.184318384;1.191934452;0.007470830;NA;-0.031176153;3;3
all_ages;black;14;1.189474533;1.191562853;0.007872783;NA;-0.031176153;3;3
all_ages;black;15;1.189734489;1.191191369;0.007526995;NA;-0.031176153;3;3
all_ages;black;16;1.177939892;1.190820002;0.007765115;NA;-0.031176153;3;3
all_ages;black;17;1.195836582;1.190448750;0.007806093;NA;-0.031176153;3;3
all_ages;black;18;1.199936759;1.190077614;0.008008591;NA;-0.031176153;3;3
all_ages;black;19;1.205875731;1.189706593;0.007959181;NA;-0.031176153;3;3
all_ages;black;20;1.194789928;1.189335689;0.007944650;NA;-0.031176153;3;3
all_ages;black;21;1.205261930;1.188964899;0.008071008;NA;-0.031176153;3;3
all_ages;black;22;1.192004708;1.188594226;0.007757388;NA;-0.031176153;3;3
all_ages;black;23;1.217968253;1.188223668;0.007844681;NA;-0.031176153;3;3
all_ages;black;24;1.215123781;1.187853226;0.007588469;NA;-0.031176153;3;3
all_ages;black;25;1.193352201;1.187482899;0.007379332;Joinpoint 1;NA;3;3
all_ages;black;26;1.204184279;1.308490238;0.007705695;NA;10.190238531;3;3
all_ages;black;27;1.313641207;1.441828515;0.007787732;NA;10.190238531;3;3
all_ages;black;28;1.768672089;1.588754280;0.008861020;Joinpoint 2;NA;3;3
all_ages;black;29;1.467970787;1.525704603;0.008249613;NA;-3.968497675*;3;3
all_ages;black;30;1.369510478;1.465157051;0.008317020;NA;-3.968497675*;3;3
all_ages;black;31;1.420741397;1.407012328;0.008141013;NA;-3.968497675*;3;3
all_ages;black;32;1.379789109;1.351175076;0.007974540;NA;-3.968497675*;3;3
all_ages;black;33;1.291267321;1.297553725;0.007863329;Joinpoint 3;NA;3;3
all_ages;black;34;1.248553449;1.293194845;0.007447241;NA;-0.335930599;3;3
all_ages;black;35;1.209032850;1.288850608;0.006975350;NA;-0.335930599;3;3
all_ages;black;36;1.245095823;1.284520964;0.006529291;NA;-0.335930599;3;3
all_ages;black;37;1.322360245;1.280205865;0.006783788;NA;-0.335930599;3;3
all_ages;black;38;1.369911349;1.275905262;0.007900366;NA;-0.335930599;3;3
all_ages;black;39;1.297670891;1.271619106;0.007687032;NA;-0.335930599;3;3
all_ages;black;40;1.324003728;1.267347348;0.007950864;NA;-0.335930599;3;3
all_ages;black;41;1.303226987;1.263089940;0.007837922;NA;-0.335930599;3;3
all_ages;black;42;1.248299048;1.258846835;0.007810223;NA;-0.335930599;3;3
all_ages;black;43;1.264891252;1.254617983;0.007691199;NA;-0.335930599;3;3
all_ages;black;44;1.338359725;1.250403337;0.007409178;NA;-0.335930599;3;3
all_ages;black;45;1.269234553;1.246202850;0.007070141;NA;-0.335930599;3;3
all_ages;black;46;1.171940878;1.242016473;0.006853991;NA;-0.335930599;3;3
all_ages;black;47;1.143929430;1.237844160;0.006970225;NA;-0.335930599;3;3
all_ages;black;48;1.101805943;1.233685863;0.006608858;NA;-0.335930599;3;3
all_ages;black;49;1.340100882;1.229541534;0.006947930;NA;-0.335930599;3;3
all_ages;black;50;1.198249517;1.225411128;0.007287751;NA;-0.335930599;3;3
all_ages;hisp;1;0.705883007;0.701947921;0.005408922;NA;0.062835264;5;5
all_ages;hisp;2;0.701028872;0.702388992;0.005900382;NA;0.062835264;5;5
all_ages;hisp;3;0.706286036;0.702830340;0.005781090;NA;0.062835264;5;5
all_ages;hisp;4;0.696510102;0.703271966;0.005902245;NA;0.062835264;5;5
all_ages;hisp;5;0.704475547;0.703713868;0.005974406;NA;0.062835264;5;5
all_ages;hisp;6;0.712301289;0.704156049;0.006113825;NA;0.062835264;5;5
all_ages;hisp;7;0.706683206;0.704598507;0.006007508;NA;0.062835264;5;5
all_ages;hisp;8;0.707153784;0.705041243;0.006029306;NA;0.062835264;5;5
all_ages;hisp;9;0.698821901;0.705484258;0.006054455;NA;0.062835264;5;5
all_ages;hisp;10;0.684674228;0.705927551;0.005792128;NA;0.062835264;5;5
all_ages;hisp;11;0.703372451;0.706371122;0.005903660;NA;0.062835264;5;5
all_ages;hisp;12;0.710999212;0.706814972;0.005745862;NA;0.062835264;5;5
all_ages;hisp;13;0.718733326;0.707259102;0.005685867;NA;0.062835264;5;5
all_ages;hisp;14;0.707206705;0.707703510;0.005921995;NA;0.062835264;5;5
all_ages;hisp;15;0.710198849;0.708148197;0.005662958;NA;0.062835264;5;5
all_ages;hisp;16;0.706491617;0.708593164;0.005858771;NA;0.062835264;5;5
all_ages;hisp;17;0.713252955;0.709038410;0.005865769;NA;0.062835264;5;5
all_ages;hisp;18;0.712299292;0.709483936;0.005974505;NA;0.062835264;5;5
all_ages;hisp;19;0.710418967;0.709929742;0.005905875;NA;0.062835264;5;5
all_ages;hisp;20;0.707692771;0.710375829;0.005904833;NA;0.062835264;5;5
all_ages;hisp;21;0.711386586;0.710822195;0.005986283;NA;0.062835264;5;5
all_ages;hisp;22;0.697728854;0.711268842;0.005737351;NA;0.062835264;5;5
all_ages;hisp;23;0.704907847;0.711715770;0.005758429;NA;0.062835264;5;5
all_ages;hisp;24;0.717773815;0.712162978;0.005617512;NA;0.062835264;5;5
all_ages;hisp;25;0.723091190;0.712610468;0.005561460;Joinpoint 1;NA;5;5
all_ages;hisp;26;0.721341973;0.759305931;0.005772247;NA;6.552733253*;5;5
all_ages;hisp;27;0.750516762;0.809061223;0.005651977;NA;6.552733253*;5;5
all_ages;hisp;28;1.028661575;0.862076847;0.006430115;NA;6.552733253*;5;5
all_ages;hisp;29;0.869377658;0.918566443;0.006043508;NA;6.552733253*;5;5
all_ages;hisp;30;0.869214910;0.978757652;0.006325609;NA;6.552733253*;5;5
all_ages;hisp;31;1.074359849;1.042893030;0.006863026;Joinpoint 2;NA;5;5
all_ages;hisp;32;0.958746204;0.933870022;0.006385034;NA;-10.453901255;5;5
all_ages;hisp;33;0.811903380;0.836244172;0.005965441;NA;-10.453901255;5;5
all_ages;hisp;34;0.766223980;0.748824032;0.005577542;Joinpoint 3;NA;5;5
all_ages;hisp;35;0.837054689;0.851713279;0.005604510;NA;13.740110067*;5;5
all_ages;hisp;36;0.967952875;0.968739621;0.005585378;NA;13.740110067*;5;5
all_ages;hisp;37;1.107422181;1.101845511;0.006036601;Joinpoint 4;NA;5;5
all_ages;hisp;38;0.978928077;0.971180142;0.006401343;NA;-11.858774014;5;5
all_ages;hisp;39;0.837359928;0.856010083;0.005889361;NA;-11.858774014;5;5
all_ages;hisp;40;0.779919577;0.754497782;0.005775627;Joinpoint 5;NA;5;5
all_ages;hisp;41;0.760604653;0.762865903;0.005648648;NA;1.109098183;5;5
all_ages;hisp;42;0.746232459;0.771326835;0.005706115;NA;1.109098183;5;5
all_ages;hisp;43;0.751552185;0.779881607;0.005602230;NA;1.109098183;5;5
all_ages;hisp;44;0.835356586;0.788531260;0.005521105;NA;1.109098183;5;5
all_ages;hisp;45;0.831837673;0.797276846;0.005408649;NA;1.109098183;5;5
all_ages;hisp;46;0.773813611;0.806119429;0.005298675;NA;1.109098183;5;5
all_ages;hisp;47;0.780833794;0.815060085;0.005515059;NA;1.109098183;5;5
all_ages;hisp;48;0.776425420;0.824099901;0.005338733;NA;1.109098183;5;5
all_ages;hisp;49;0.885921348;0.833239978;0.005440994;NA;1.109098183;5;5
all_ages;hisp;50;0.840774664;0.842481428;0.005916245;NA;1.109098183;5;5
all_ages;multirace;1;0.440922691;0.444352619;0.013751609;NA;0.120370147*;0;0
all_ages;multirace;2;0.448107766;0.444887486;0.015146159;NA;0.120370147*;0;0
all_ages;multirace;3;0.479630311;0.445422998;0.015352138;NA;0.120370147*;0;0
all_ages;multirace;4;0.419006103;0.445959154;0.014512993;NA;0.120370147*;0;0
all_ages;multirace;5;0.482259015;0.446495956;0.015822059;NA;0.120370147*;0;0
all_ages;multirace;6;0.461769386;0.447033404;0.015687468;NA;0.120370147*;0;0
all_ages;multirace;7;0.454777951;0.447571499;0.015343982;NA;0.120370147*;0;0
all_ages;multirace;8;0.472685438;0.448110241;0.015665380;NA;0.120370147*;0;0
all_ages;multirace;9;0.452109002;0.448649632;0.015559938;NA;0.120370147*;0;0
all_ages;multirace;10;0.443993001;0.449189672;0.014955862;NA;0.120370147*;0;0
all_ages;multirace;11;0.451964850;0.449730363;0.015095756;NA;0.120370147*;0;0
all_ages;multirace;12;0.449441455;0.450271704;0.014584081;NA;0.120370147*;0;0
all_ages;multirace;13;0.418771682;0.450813696;0.013760185;NA;0.120370147*;0;0
all_ages;multirace;14;0.457360948;0.451356342;0.015119587;NA;0.120370147*;0;0
all_ages;multirace;15;0.458099705;0.451899640;0.014487627;NA;0.120370147*;0;0
all_ages;multirace;16;0.430814436;0.452443592;0.014379818;NA;0.120370147*;0;0
all_ages;multirace;17;0.456703965;0.452988199;0.014843582;NA;0.120370147*;0;0
all_ages;multirace;18;0.458235030;0.453533462;0.015025247;NA;0.120370147*;0;0
all_ages;multirace;19;0.448375747;0.454079381;0.014903636;NA;0.120370147*;0;0
all_ages;multirace;20;0.448928459;0.454625957;0.014988473;NA;0.120370147*;0;0
all_ages;multirace;21;0.460605972;0.455173191;0.015224010;NA;0.120370147*;0;0
all_ages;multirace;22;0.415936731;0.455721083;0.013991508;NA;0.120370147*;0;0
all_ages;multirace;23;0.417720325;0.456269635;0.014072979;NA;0.120370147*;0;0
all_ages;multirace;24;0.460888276;0.456818848;0.014375937;NA;0.120370147*;0;0
all_ages;multirace;25;0.439135256;0.457368721;0.013661605;NA;0.120370147*;0;0
all_ages;multirace;26;0.453681322;0.457919257;0.014459531;NA;0.120370147*;0;0
all_ages;multirace;27;0.435836472;0.458470455;0.013547908;NA;0.120370147*;0;0
all_ages;multirace;28;0.439261276;0.459022316;0.012933080;NA;0.120370147*;0;0
all_ages;multirace;29;0.458158347;0.459574842;0.013614418;NA;0.120370147*;0;0
all_ages;multirace;30;0.480160618;0.460128033;0.014743642;NA;0.120370147*;0;0
all_ages;multirace;31;0.473868800;0.460681890;0.013884528;NA;0.120370147*;0;0
all_ages;multirace;32;0.453075520;0.461236413;0.013687144;NA;0.120370147*;0;0
all_ages;multirace;33;0.462512542;0.461791604;0.014148163;NA;0.120370147*;0;0
all_ages;multirace;34;0.466534787;0.462347464;0.013631047;NA;0.120370147*;0;0
all_ages;multirace;35;0.432661423;0.462903992;0.012578663;NA;0.120370147*;0;0
all_ages;multirace;36;0.454797069;0.463461190;0.011910886;NA;0.120370147*;0;0
all_ages;multirace;37;0.492595446;0.464019059;0.012441671;NA;0.120370147*;0;0
all_ages;multirace;38;0.470110608;0.464577599;0.013786158;NA;0.120370147*;0;0
all_ages;multirace;39;0.466894422;0.465136812;0.013751791;NA;0.120370147*;0;0
all_ages;multirace;40;0.496064958;0.465696698;0.014548243;NA;0.120370147*;0;0
all_ages;multirace;41;0.482380956;0.466257258;0.014070495;NA;0.120370147*;0;0
all_ages;multirace;42;0.461002769;0.466818492;0.013970263;NA;0.120370147*;0;0
all_ages;multirace;43;0.485290660;0.467380402;0.014070366;NA;0.120370147*;0;0
all_ages;multirace;44;0.471321819;0.467942989;0.012983467;NA;0.120370147*;0;0
all_ages;multirace;45;0.468768309;0.468506253;0.012698620;NA;0.120370147*;0;0
all_ages;multirace;46;0.493178937;0.469070194;0.013323567;NA;0.120370147*;0;0
all_ages;multirace;47;0.471538383;0.469634815;0.013425663;NA;0.120370147*;0;0
all_ages;multirace;48;0.449180595;0.470200115;0.012743772;NA;0.120370147*;0;0
all_ages;multirace;49;0.463736214;0.470766095;0.012260686;NA;0.120370147*;0;0
all_ages;multirace;50;0.464444117;0.471332757;0.013809111;NA;0.120370147*;0;0
all_ages;nhopi;1;0.934739449;0.864181631;0.053769677;NA;0.513217216*;0;0
all_ages;nhopi;2;0.810436994;0.868616760;0.054629203;NA;0.513217216*;0;0
all_ages;nhopi;3;0.967341865;0.873074651;0.058447381;NA;0.513217216*;0;0
all_ages;nhopi;4;0.957568416;0.877555420;0.060683474;NA;0.513217216*;0;0
all_ages;nhopi;5;0.879057886;0.882059185;0.057140030;NA;0.513217216*;0;0
all_ages;nhopi;6;0.984619014;0.886586065;0.061568142;NA;0.513217216*;0;0
all_ages;nhopi;7;0.949072004;0.891136177;0.060180987;NA;0.513217216*;0;0
all_ages;nhopi;8;0.854709810;0.895709642;0.056859356;NA;0.513217216*;0;0
all_ages;nhopi;9;0.981101071;0.900306578;0.061831118;NA;0.513217216*;0;0
all_ages;nhopi;10;0.871950851;0.904927106;0.056138349;NA;0.513217216*;0;0
all_ages;nhopi;11;0.830686031;0.909571348;0.055457887;NA;0.513217216*;0;0
all_ages;nhopi;12;0.861785968;0.914239425;0.054197471;NA;0.513217216*;0;0
all_ages;nhopi;13;0.933324733;0.918931459;0.054687950;NA;0.513217216*;0;0
all_ages;nhopi;14;0.905119175;0.923647573;0.057294137;NA;0.513217216*;0;0
all_ages;nhopi;15;0.935844342;0.928387891;0.054955870;NA;0.513217216*;0;0
all_ages;nhopi;16;0.985062741;0.933152538;0.058727816;NA;0.513217216*;0;0
all_ages;nhopi;17;0.979009778;0.937941637;0.058485601;NA;0.513217216*;0;0
all_ages;nhopi;18;0.908907964;0.942755315;0.057576913;NA;0.513217216*;0;0
all_ages;nhopi;19;0.874258285;0.947593698;0.055495996;NA;0.513217216*;0;0
all_ages;nhopi;20;0.868463573;0.952456912;0.055163926;NA;0.513217216*;0;0
all_ages;nhopi;21;0.900395912;0.957345085;0.056716010;NA;0.513217216*;0;0
all_ages;nhopi;22;0.954843986;0.962258345;0.056718948;NA;0.513217216*;0;0
all_ages;nhopi;23;0.948470525;0.967196820;0.057005746;NA;0.513217216*;0;0
all_ages;nhopi;24;0.848957954;0.972160641;0.051482762;NA;0.513217216*;0;0
all_ages;nhopi;25;0.953599789;0.977149936;0.053726136;NA;0.513217216*;0;0
all_ages;nhopi;26;0.955057260;0.982164838;0.056851874;NA;0.513217216*;0;0
all_ages;nhopi;27;0.865860467;0.987205477;0.050474239;NA;0.513217216*;0;0
all_ages;nhopi;28;0.907489282;0.992271986;0.050277532;NA;0.513217216*;0;0
all_ages;nhopi;29;0.938405611;0.997364496;0.052179776;NA;0.513217216*;0;0
all_ages;nhopi;30;1.010143223;1.002483143;0.056449784;NA;0.513217216*;0;0
all_ages;nhopi;31;1.152008627;1.007628059;0.057924640;NA;0.513217216*;0;0
all_ages;nhopi;32;1.010782882;1.012799379;0.054433482;NA;0.513217216*;0;0
all_ages;nhopi;33;0.979081214;1.017997240;0.054483894;NA;0.513217216*;0;0
all_ages;nhopi;34;1.021011468;1.023221777;0.054090337;NA;0.513217216*;0;0
all_ages;nhopi;35;0.954745243;1.028473128;0.049676165;NA;0.513217216*;0;0
all_ages;nhopi;36;1.056882115;1.033751429;0.047852234;NA;0.513217216*;0;0
all_ages;nhopi;37;1.083152513;1.039056819;0.049130389;NA;0.513217216*;0;0
all_ages;nhopi;38;1.041231156;1.044389437;0.054554355;NA;0.513217216*;0;0
all_ages;nhopi;39;1.089660559;1.049749424;0.055546493;NA;0.513217216*;0;0
all_ages;nhopi;40;1.061433799;1.055136919;0.056644474;NA;0.513217216*;0;0
all_ages;nhopi;41;0.942473879;1.060552063;0.052728435;NA;0.513217216*;0;0
all_ages;nhopi;42;1.038191376;1.065994999;0.055396934;NA;0.513217216*;0;0
all_ages;nhopi;43;1.058093965;1.071465869;0.055466910;NA;0.513217216*;0;0
all_ages;nhopi;44;1.271567772;1.076964816;0.055743586;NA;0.513217216*;0;0
all_ages;nhopi;45;1.239310694;1.082491985;0.054817806;NA;0.513217216*;0;0
all_ages;nhopi;46;1.041054767;1.088047520;0.050922001;NA;0.513217216*;0;0
all_ages;nhopi;47;1.033938717;1.093631567;0.052791947;NA;0.513217216*;0;0
all_ages;nhopi;48;1.100335709;1.099244273;0.053466681;NA;0.513217216*;0;0
all_ages;nhopi;49;1.104769453;1.104885783;0.050787005;NA;0.513217216*;0;0
all_ages;nhopi;50;1.094158151;1.110556247;0.056740725;NA;0.513217216*;0;0
under65;aian;1;1.556223124;1.677234616;0.051594335;NA;0.142371707;6;6
under65;aian;2;1.681118910;1.679622523;0.057779610;NA;0.142371707;6;6
under65;aian;3;1.709569652;1.682013831;0.056663082;NA;0.142371707;6;6
under65;aian;4;1.675504597;1.684408542;0.057371779;NA;0.142371707;6;6
under65;aian;5;1.753767190;1.686806664;0.058127552;NA;0.142371707;6;6
under65;aian;6;1.651064743;1.689208199;0.056899593;NA;0.142371707;6;6
under65;aian;7;1.748998687;1.691613154;0.057648229;NA;0.142371707;6;6
under65;aian;8;1.732933723;1.694021532;0.057578064;NA;0.142371707;6;6
under65;aian;9;1.632554026;1.696433339;0.056813266;NA;0.142371707;6;6
under65;aian;10;1.672549385;1.698848581;0.056627125;NA;0.142371707;6;6
under65;aian;11;1.663094296;1.701267260;0.056991613;NA;0.142371707;6;6
under65;aian;12;1.754666775;1.703689384;0.057508194;NA;0.142371707;6;6
under65;aian;13;1.806118718;1.706114955;0.058047215;NA;0.142371707;6;6
under65;aian;14;1.723162178;1.708543980;0.059010989;NA;0.142371707;6;6
under65;aian;15;1.769282380;1.710976463;0.057243046;NA;0.142371707;6;6
under65;aian;16;1.686175913;1.713412410;0.057748022;NA;0.142371707;6;6
under65;aian;17;1.746735359;1.715851824;0.057828289;NA;0.142371707;6;6
under65;aian;18;1.657077744;1.718294712;0.057521927;NA;0.142371707;6;6
under65;aian;19;1.739596491;1.720741077;0.057741851;NA;0.142371707;6;6
under65;aian;20;1.688946701;1.723190926;0.058071334;NA;0.142371707;6;6
under65;aian;21;1.678641667;1.725644262;0.058352427;NA;0.142371707;6;6
under65;aian;22;1.715158118;1.728101091;0.057810749;NA;0.142371707;6;6
under65;aian;23;1.732129095;1.730561418;0.058051534;NA;0.142371707;6;6
under65;aian;24;1.744875205;1.733025248;0.056388422;NA;0.142371707;6;6
under65;aian;25;1.751468985;1.735492586;0.056229628;NA;0.142371707;6;6
under65;aian;26;1.732632575;1.737963436;0.057722486;NA;0.142371707;6;6
under65;aian;27;1.764048337;1.740437805;0.056276011;Joinpoint 1;NA;6;6
under65;aian;28;1.875119551;1.922410524;0.056932440;NA;10.455571543*;6;6
under65;aian;29;2.060369710;2.123409532;0.058991086;NA;10.455571543*;6;6
under65;aian;30;2.329886962;2.345424135;0.064588083;Joinpoint 2;NA;6;6
under65;aian;31;2.419031269;2.290974587;0.063485874;NA;-2.321522456;6;6
under65;aian;32;2.183911277;2.237789097;0.060803420;NA;-2.321522456;6;6
under65;aian;33;2.132647416;2.185838321;0.061831116;Joinpoint 3;NA;6;6
under65;aian;34;2.288464901;2.247073827;0.063362025;NA;2.801465491;6;6
under65;aian;35;2.354775660;2.310024825;0.063470229;NA;2.801465491;6;6
under65;aian;36;2.331742279;2.374739373;0.059075000;NA;2.801465491;6;6
under65;aian;37;2.491454708;2.441266877;0.060577763;Joinpoint 4;NA;6;6
under65;aian;38;2.224319043;2.255000689;0.062872804;NA;-7.629898650*;6;6
under65;aian;39;1.976432941;2.082946422;0.057324887;NA;-7.629898650*;6;6
under65;aian;40;1.934851104;1.924019721;0.057273003;Joinpoint 5;NA;6;6
under65;aian;41;2.075811727;1.993909789;0.058620603;NA;3.632502681;6;6
under65;aian;42;2.099964759;2.066338615;0.059843437;NA;3.632502681;6;6
under65;aian;43;2.094968594;2.141398421;0.059079088;NA;3.632502681;6;6
under65;aian;44;2.234348970;2.219184776;0.056082149;Joinpoint 6;NA;6;6
under65;aian;45;2.133149904;2.201849160;0.053188199;NA;-0.781170472;6;6
under65;aian;46;2.250316040;2.184648964;0.057385541;NA;-0.781170472;6;6
under65;aian;47;2.199227098;2.167583132;0.059798642;NA;-0.781170472;6;6
under65;aian;48;2.146601265;2.150650612;0.058051073;NA;-0.781170472;6;6
under65;aian;49;2.048777964;2.133850365;0.054706930;NA;-0.781170472;6;6
under65;aian;50;2.177704210;2.117181356;0.063853011;NA;-0.781170472;6;6
under65;asian;1;0.385294755;0.394098454;0.008958354;NA;-0.033883817;5;5
under65;asian;2;0.371281581;0.393964918;0.009481910;NA;-0.033883817;5;5
under65;asian;3;0.407748892;0.393831428;0.009615849;NA;-0.033883817;5;5
under65;asian;4;0.391487359;0.393697983;0.009666122;NA;-0.033883817;5;5
under65;asian;5;0.383521395;0.393564583;0.009493574;NA;-0.033883817;5;5
under65;asian;6;0.391085101;0.393431228;0.009605886;NA;-0.033883817;5;5
under65;asian;7;0.377973818;0.393297918;0.009318076;NA;-0.033883817;5;5
under65;asian;8;0.398609163;0.393164654;0.009625664;NA;-0.033883817;5;5
under65;asian;9;0.392872526;0.393031435;0.009718327;NA;-0.033883817;5;5
under65;asian;10;0.392173624;0.392898261;0.009543061;NA;-0.033883817;5;5
under65;asian;11;0.421095990;0.392765132;0.010039818;NA;-0.033883817;5;5
under65;asian;12;0.405731122;0.392632048;0.009656991;NA;-0.033883817;5;5
under65;asian;13;0.399338182;0.392499009;0.009421243;NA;-0.033883817;5;5
under65;asian;14;0.419803777;0.392366016;0.010157816;NA;-0.033883817;5;5
under65;asian;15;0.376773357;0.392233067;0.009146651;NA;-0.033883817;5;5
under65;asian;16;0.408503497;0.392100164;0.009799366;NA;-0.033883817;5;5
under65;asian;17;0.386855424;0.391967305;0.009416173;NA;-0.033883817;5;5
under65;asian;18;0.395166020;0.391834492;0.009710241;NA;-0.033883817;5;5
under65;asian;19;0.379623292;0.391701723;0.009323953;NA;-0.033883817;5;5
under65;asian;20;0.397402939;0.391569000;0.009633928;NA;-0.033883817;5;5
under65;asian;21;0.394032899;0.391436321;0.009714386;NA;-0.033883817;5;5
under65;asian;22;0.388867285;0.391303688;0.009434023;NA;-0.033883817;5;5
under65;asian;23;0.375765156;0.391171099;0.009295449;NA;-0.033883817;5;5
under65;asian;24;0.411419561;0.391038555;0.009515422;NA;-0.033883817;5;5
under65;asian;25;0.379387020;0.390906056;0.008949545;Joinpoint 1;NA;5;5
under65;asian;26;0.414432513;0.427508756;0.009715310;NA;9.363554036;5;5
under65;asian;27;0.430866192;0.467538770;0.009501524;NA;9.363554036;5;5
under65;asian;28;0.550307618;0.511317015;0.010426754;Joinpoint 2;NA;5;5
under65;asian;29;0.434996005;0.454751805;0.009222914;NA;-11.062649589*;5;5
under65;asian;30;0.399477101;0.404444207;0.009057624;NA;-11.062649589*;5;5
under65;asian;31;0.380360538;0.359701961;0.008486677;Joinpoint 3;NA;5;5
under65;asian;32;0.379573381;0.377340372;0.008517189;NA;4.903618265*;5;5
under65;asian;33;0.404520058;0.395843704;0.009100870;NA;4.903618265*;5;5
under65;asian;34;0.393482898;0.415254368;0.008812725;NA;4.903618265*;5;5
under65;asian;35;0.402566264;0.435616857;0.008811730;NA;4.903618265*;5;5
under65;asian;36;0.464165329;0.456977845;0.008923923;NA;4.903618265*;5;5
under65;asian;37;0.501549221;0.479386294;0.009154887;Joinpoint 4;NA;5;5
under65;asian;38;0.476086804;0.457284021;0.009770068;NA;-4.610534923*;5;5
under65;asian;39;0.424208281;0.436200782;0.008927733;NA;-4.610534923*;5;5
under65;asian;40;0.403310661;0.416089592;0.008779831;NA;-4.610534923*;5;5
under65;asian;41;0.402436868;0.396905636;0.008659125;NA;-4.610534923*;5;5
under65;asian;42;0.346358771;0.378606163;0.008168275;NA;-4.610534923*;5;5
under65;asian;43;0.373848296;0.361150394;0.008355085;NA;-4.610534923*;5;5
under65;asian;44;0.364918002;0.344499429;0.007519825;Joinpoint 5;NA;5;5
under65;asian;45;0.338999121;0.354080018;0.007062725;NA;2.781017251*;5;5
under65;asian;46;0.369364080;0.363927044;0.007781178;NA;2.781017251*;5;5
under65;asian;47;0.382826050;0.374047918;0.008428698;NA;2.781017251*;5;5
under65;asian;48;0.367462289;0.384450255;0.008041687;NA;2.781017251*;5;5
under65;asian;49;0.398789881;0.395141883;0.008126249;NA;2.781017251*;5;5
under65;asian;50;0.411652204;0.406130847;0.009360780;NA;2.781017251*;5;5
under65;black;1;1.529976175;1.507347307;0.013692162;NA;0.070758214;5;5
under65;black;2;1.501724310;1.508413879;0.014640513;NA;0.070758214;5;5
under65;black;3;1.508814809;1.509481205;0.014146405;NA;0.070758214;5;5
under65;black;4;1.533282520;1.510549287;0.014736027;NA;0.070758214;5;5
under65;black;5;1.510019582;1.511618125;0.014462132;NA;0.070758214;5;5
under65;black;6;1.477236897;1.512687719;0.014322095;NA;0.070758214;5;5
under65;black;7;1.491686385;1.513758070;0.014202435;NA;0.070758214;5;5
under65;black;8;1.488846707;1.514829178;0.014274911;NA;0.070758214;5;5
under65;black;9;1.506869873;1.515901044;0.014670683;NA;0.070758214;5;5
under65;black;10;1.501616852;1.516973669;0.014346465;NA;0.070758214;5;5
under65;black;11;1.546925813;1.518047052;0.014896934;NA;0.070758214;5;5
under65;black;12;1.537948114;1.519121195;0.014438136;NA;0.070758214;5;5
under65;black;13;1.517428277;1.520196098;0.014147768;NA;0.070758214;5;5
under65;black;14;1.536070957;1.521271762;0.015009806;NA;0.070758214;5;5
under65;black;15;1.522609274;1.522348186;0.014246518;NA;0.070758214;5;5
under65;black;16;1.511024659;1.523425373;0.014587753;NA;0.070758214;5;5
under65;black;17;1.550546295;1.524503321;0.014658611;NA;0.070758214;5;5
under65;black;18;1.535568636;1.525582033;0.014807592;NA;0.070758214;5;5
under65;black;19;1.542154334;1.526661507;0.014593038;NA;0.070758214;5;5
under65;black;20;1.511169556;1.527741746;0.014530316;NA;0.070758214;5;5
under65;black;21;1.517168187;1.528822748;0.014789258;NA;0.070758214;5;5
under65;black;22;1.516509947;1.529904516;0.014499979;NA;0.070758214;5;5
under65;black;23;1.569121342;1.530987049;0.014858438;NA;0.070758214;5;5
under65;black;24;1.579416524;1.532070348;0.014569800;NA;0.070758214;5;5
under65;black;25;1.552755992;1.533154414;0.014192185;Joinpoint 1;NA;5;5
under65;black;26;1.549600565;1.643880850;0.014654848;NA;7.222132059;5;5
under65;black;27;1.654795397;1.762604096;0.014697458;NA;7.222132059;5;5
under65;black;28;2.066863210;1.889901692;0.016594488;Joinpoint 2;NA;5;5
under65;black;29;1.771463236;1.843808074;0.014926565;NA;-2.438942628*;5;5
under65;black;30;1.727051508;1.798838653;0.015103515;NA;-2.438942628*;5;5
under65;black;31;1.794468841;1.754966010;0.014887581;NA;-2.438942628*;5;5
under65;black;32;1.715944959;1.712163396;0.014542478;NA;-2.438942628*;5;5
under65;black;33;1.665773796;1.670404713;0.014752390;Joinpoint 3;NA;5;5
under65;black;34;1.673307670;1.672360993;0.014584289;NA;0.117114122;5;5
under65;black;35;1.638262975;1.674319564;0.014161366;NA;0.117114122;5;5
under65;black;36;1.699849285;1.676280428;0.013686966;NA;0.117114122;5;5
under65;black;37;1.728868094;1.678243589;0.013665345;NA;0.117114122;5;5
under65;black;38;1.707323152;1.680209050;0.014868046;NA;0.117114122;5;5
under65;black;39;1.642749533;1.682176812;0.014112026;NA;0.117114122;5;5
under65;black;40;1.711991763;1.684146878;0.014610576;NA;0.117114122;5;5
under65;black;41;1.688874038;1.686119252;0.014352114;NA;0.117114122;5;5
under65;black;42;1.603725824;1.688093936;0.014119057;NA;0.117114122;5;5
under65;black;43;1.660519059;1.690070932;0.014173328;NA;0.117114122;5;5
under65;black;44;1.739153303;1.692050244;0.013371585;Joinpoint 4;NA;5;5
under65;black;45;1.619567809;1.611085088;0.012447169;NA;-4.785032645;5;5
under65;black;46;1.527083131;1.533994140;0.012572706;NA;-4.785032645;5;5
under65;black;47;1.476002646;1.460592020;0.013053006;Joinpoint 5;NA;5;5
under65;black;48;1.431085321;1.516273696;0.012504091;NA;3.812267604;5;5
under65;black;49;1.693322641;1.574078107;0.013455330;NA;3.812267604;5;5
under65;black;50;1.562657575;1.634086177;0.014507939;NA;3.812267604;5;5
under65;hisp;1;0.701744735;0.681733043;0.007756834;NA;0.213065747;5;5
under65;hisp;2;0.681322808;0.683185583;0.008212040;NA;0.213065747;5;5
under65;hisp;3;0.682238512;0.684641217;0.007923356;NA;0.213065747;5;5
under65;hisp;4;0.677200538;0.686099953;0.008119348;NA;0.213065747;5;5
under65;hisp;5;0.695783757;0.687561797;0.008135036;NA;0.213065747;5;5
under65;hisp;6;0.690208660;0.689026756;0.008131458;NA;0.213065747;5;5
under65;hisp;7;0.695064980;0.690494836;0.008042991;NA;0.213065747;5;5
under65;hisp;8;0.683856177;0.691966044;0.008023807;NA;0.213065747;5;5
under65;hisp;9;0.684023707;0.693440387;0.008152076;NA;0.213065747;5;5
under65;hisp;10;0.667384141;0.694917871;0.007904379;NA;0.213065747;5;5
under65;hisp;11;0.698804187;0.696398503;0.008257854;NA;0.213065747;5;5
under65;hisp;12;0.704846432;0.697882289;0.008090483;NA;0.213065747;5;5
under65;hisp;13;0.709840021;0.699369237;0.008036132;NA;0.213065747;5;5
under65;hisp;14;0.704071699;0.700859354;0.008401313;NA;0.213065747;5;5
under65;hisp;15;0.704366527;0.702352645;0.007993631;NA;0.213065747;5;5
under65;hisp;16;0.694391069;0.703849118;0.008143382;NA;0.213065747;5;5
under65;hisp;17;0.682398362;0.705348779;0.007953103;NA;0.213065747;5;5
under65;hisp;18;0.719639717;0.706851636;0.008337115;NA;0.213065747;5;5
under65;hisp;19;0.701632401;0.708357694;0.008059217;NA;0.213065747;5;5
under65;hisp;20;0.721048457;0.709866962;0.008267722;NA;0.213065747;5;5
under65;hisp;21;0.722850777;0.711379445;0.008402384;NA;0.213065747;5;5
under65;hisp;22;0.696325499;0.712895151;0.008057389;NA;0.213065747;5;5
under65;hisp;23;0.710123391;0.714414087;0.008168022;NA;0.213065747;5;5
under65;hisp;24;0.740603404;0.715936258;0.008170031;NA;0.213065747;5;5
under65;hisp;25;0.721227152;0.717461673;0.007918573;Joinpoint 1;NA;5;5
under65;hisp;26;0.713894042;0.761694699;0.008142301;NA;6.165210931*;5;5
under65;hisp;27;0.744489150;0.808654784;0.008034517;NA;6.165210931*;5;5
under65;hisp;28;1.026640232;0.858510057;0.009601555;NA;6.165210931*;5;5
under65;hisp;29;0.883466463;0.911439013;0.008639135;NA;6.165210931*;5;5
under65;hisp;30;0.894127727;0.967631150;0.008913707;NA;6.165210931*;5;5
under65;hisp;31;1.033129760;1.027287652;0.009388538;Joinpoint 2;NA;5;5
under65;hisp;32;0.971912512;0.944618045;0.009077827;NA;-8.047366919;5;5
under65;hisp;33;0.839464908;0.868601165;0.008562643;NA;-8.047366919;5;5
under65;hisp;34;0.809166774;0.798701642;0.008251530;Joinpoint 3;NA;5;5
under65;hisp;35;0.895625891;0.910119209;0.008661713;NA;13.949835692;5;5
under65;hisp;36;1.060003311;1.037079343;0.009093572;NA;13.949835692;5;5
under65;hisp;37;1.197225083;1.181750208;0.009692404;Joinpoint 4;NA;5;5
under65;hisp;38;1.014477307;1.029930925;0.009543843;NA;-12.846985924*;5;5
under65;hisp;39;0.841069148;0.897615844;0.008249365;NA;-12.846985924*;5;5
under65;hisp;40;0.787706571;0.782299263;0.007977552;Joinpoint 5;NA;5;5
under65;hisp;41;0.780722770;0.793647209;0.007850484;NA;1.450588891*;5;5
under65;hisp;42;0.778044128;0.805159767;0.007945792;NA;1.450588891*;5;5
under65;hisp;43;0.787902579;0.816839325;0.007878586;NA;1.450588891*;5;5
under65;hisp;44;0.899898373;0.828688306;0.007830743;NA;1.450588891*;5;5
under65;hisp;45;0.908231632;0.840709166;0.007689241;NA;1.450588891*;5;5
under65;hisp;46;0.860537893;0.852904400;0.007806450;NA;1.450588891*;5;5
under65;hisp;47;0.851264492;0.865276537;0.008229549;NA;1.450588891*;5;5
under65;hisp;48;0.844980164;0.877828142;0.008011869;NA;1.450588891*;5;5
under65;hisp;49;0.893429975;0.890561819;0.008074134;NA;1.450588891*;5;5
under65;hisp;50;0.863324104;0.903480210;0.008950423;NA;1.450588891*;5;5
under65;multirace;1;0.556233676;0.549719016;0.021925224;NA;0.245297994*;0;0
under65;multirace;2;0.553656101;0.551067466;0.023545365;NA;0.245297994*;0;0
under65;multirace;3;0.566526580;0.552419224;0.023133523;NA;0.245297994*;0;0
under65;multirace;4;0.556103458;0.553774297;0.023332537;NA;0.245297994*;0;0
under65;multirace;5;0.585064258;0.555132694;0.023726595;NA;0.245297994*;0;0
under65;multirace;6;0.560565448;0.556494423;0.023282037;NA;0.245297994*;0;0
under65;multirace;7;0.559129406;0.557859493;0.022745212;NA;0.245297994*;0;0
under65;multirace;8;0.578131178;0.559227911;0.023229378;NA;0.245297994*;0;0
under65;multirace;9;0.529372322;0.560599686;0.022817054;NA;0.245297994*;0;0
under65;multirace;10;0.500078584;0.561974826;0.021632661;NA;0.245297994*;0;0
under65;multirace;11;0.573899094;0.563353339;0.023919739;NA;0.245297994*;0;0
under65;multirace;12;0.557214493;0.564735233;0.022813788;NA;0.245297994*;0;0
under65;multirace;13;0.571935987;0.566120518;0.023067268;NA;0.245297994*;0;0
under65;multirace;14;0.561221300;0.567509200;0.023748393;NA;0.245297994*;0;0
under65;multirace;15;0.581884362;0.568901288;0.023189325;NA;0.245297994*;0;0
under65;multirace;16;0.605982978;0.570296792;0.024269511;NA;0.245297994*;0;0
under65;multirace;17;0.574729164;0.571695719;0.023150505;NA;0.245297994*;0;0
under65;multirace;18;0.617651445;0.573098077;0.024358254;NA;0.245297994*;0;0
under65;multirace;19;0.528096894;0.574503875;0.021914305;NA;0.245297994*;0;0
under65;multirace;20;0.555161869;0.575913121;0.022910886;NA;0.245297994*;0;0
under65;multirace;21;0.606405705;0.577325825;0.024367956;NA;0.245297994*;0;0
under65;multirace;22;0.530030421;0.578741993;0.022124625;NA;0.245297994*;0;0
under65;multirace;23;0.512411103;0.580161636;0.021931722;NA;0.245297994*;0;0
under65;multirace;24;0.549293239;0.581584761;0.022066428;NA;0.245297994*;0;0
under65;multirace;25;0.578652699;0.583011376;0.022386356;NA;0.245297994*;0;0
under65;multirace;26;0.571342580;0.584441492;0.023010826;NA;0.245297994*;0;0
under65;multirace;27;0.571200287;0.585875115;0.022231929;NA;0.245297994*;0;0
under65;multirace;28;0.603997293;0.587312255;0.022454829;NA;0.245297994*;0;0
under65;multirace;29;0.626176516;0.588752920;0.022458388;NA;0.245297994*;0;0
under65;multirace;30;0.604148065;0.590197119;0.022651841;NA;0.245297994*;0;0
under65;multirace;31;0.621868532;0.591644861;0.022067517;NA;0.245297994*;0;0
under65;multirace;32;0.549432252;0.593096154;0.020794236;NA;0.245297994*;0;0
under65;multirace;33;0.554492184;0.594551007;0.021505228;NA;0.245297994*;0;0
under65;multirace;34;0.655088617;0.596009428;0.023196060;NA;0.245297994*;0;0
under65;multirace;35;0.580931795;0.597471427;0.021336509;NA;0.245297994*;0;0
under65;multirace;36;0.611701474;0.598937013;0.021064853;NA;0.245297994*;0;0
under65;multirace;37;0.659906233;0.600406193;0.021705203;NA;0.245297994*;0;0
under65;multirace;38;0.596011643;0.601878978;0.022352666;NA;0.245297994*;0;0
under65;multirace;39;0.599582976;0.603355375;0.021558584;NA;0.245297994*;0;0
under65;multirace;40;0.586983433;0.604835393;0.021597884;NA;0.245297994*;0;0
under65;multirace;41;0.598158155;0.606319043;0.021345530;NA;0.245297994*;0;0
under65;multirace;42;0.601832971;0.607806331;0.021898269;NA;0.245297994*;0;0
under65;multirace;43;0.636129432;0.609297268;0.022084609;NA;0.245297994*;0;0
under65;multirace;44;0.606284153;0.610791862;0.019902514;NA;0.245297994*;0;0
under65;multirace;45;0.594481525;0.612290122;0.019312861;NA;0.245297994*;0;0
under65;multirace;46;0.625530754;0.613792057;0.020648324;NA;0.245297994*;0;0
under65;multirace;47;0.617025020;0.615297677;0.021921158;NA;0.245297994*;0;0
under65;multirace;48;0.594454852;0.616806990;0.020982962;NA;0.245297994*;0;0
under65;multirace;49;0.614838167;0.618320005;0.021038233;NA;0.245297994*;0;0
under65;multirace;50;0.631147835;0.619836731;0.024198586;NA;0.245297994*;0;0
under65;nhopi;1;1.376178477;1.295356223;0.096171201;NA;0.042373629;4;4
under65;nhopi;2;1.171813072;1.295905112;0.096332657;NA;0.042373629;4;4
under65;nhopi;3;1.258246024;1.296454234;0.095382948;NA;0.042373629;4;4
under65;nhopi;4;1.281559213;1.297003589;0.100019664;NA;0.042373629;4;4
under65;nhopi;5;1.305087116;1.297553176;0.098979515;NA;0.042373629;4;4
under65;nhopi;6;1.439114331;1.298102997;0.104401956;NA;0.042373629;4;4
under65;nhopi;7;1.227045011;1.298653050;0.095342717;NA;0.042373629;4;4
under65;nhopi;8;1.272530579;1.299203337;0.099210636;NA;0.042373629;4;4
under65;nhopi;9;1.435746873;1.299753856;0.105340712;NA;0.042373629;4;4
under65;nhopi;10;1.178539411;1.300304609;0.092915288;NA;0.042373629;4;4
under65;nhopi;11;1.087353474;1.300855595;0.091311024;NA;0.042373629;4;4
under65;nhopi;12;1.197088698;1.301406815;0.093535380;NA;0.042373629;4;4
under65;nhopi;13;1.440536659;1.301958268;0.101395051;NA;0.042373629;4;4
under65;nhopi;14;1.263595900;1.302509955;0.099618924;NA;0.042373629;4;4
under65;nhopi;15;1.397847736;1.303061876;0.099375022;NA;0.042373629;4;4
under65;nhopi;16;1.376466446;1.303614031;0.102041270;NA;0.042373629;4;4
under65;nhopi;17;1.389158153;1.304166419;0.101821087;NA;0.042373629;4;4
under65;nhopi;18;1.309394278;1.304719042;0.100881311;NA;0.042373629;4;4
under65;nhopi;19;1.313641690;1.305271899;0.097276013;NA;0.042373629;4;4
under65;nhopi;20;1.243880858;1.305824990;0.096633104;NA;0.042373629;4;4
under65;nhopi;21;1.249007247;1.306378315;0.097263048;NA;0.042373629;4;4
under65;nhopi;22;1.401240333;1.306931875;0.101752392;NA;0.042373629;4;4
under65;nhopi;23;1.298806110;1.307485670;0.098214798;NA;0.042373629;4;4
under65;nhopi;24;1.349806909;1.308039699;0.098356899;NA;0.042373629;4;4
under65;nhopi;25;1.282360286;1.308593963;0.092138979;NA;0.042373629;4;4
under65;nhopi;26;1.175796297;1.309148461;0.092044588;Joinpoint 1;NA;4;4
under65;nhopi;27;1.419547776;1.370723470;0.097509068;NA;4.703439720;4;4
under65;nhopi;28;1.402224405;1.435194622;0.095261536;NA;4.703439720;4;4
under65;nhopi;29;1.601513502;1.502698136;0.101936348;NA;4.703439720;4;4
under65;nhopi;30;1.406049223;1.573376637;0.096430960;NA;4.703439720;4;4
under65;nhopi;31;1.822204695;1.647379459;0.106412399;Joinpoint 2;NA;4;4
under65;nhopi;32;1.430376607;1.626318536;0.093759743;NA;-1.278450024;4;4
under65;nhopi;33;1.424748294;1.605526866;0.096880758;NA;-1.278450024;4;4
under65;nhopi;34;1.719064599;1.585001007;0.105924226;NA;-1.278450024;4;4
under65;nhopi;35;1.471117727;1.564737562;0.095636382;NA;-1.278450024;4;4
under65;nhopi;36;1.682277868;1.544733174;0.096581272;NA;-1.278450024;4;4
under65;nhopi;37;1.595978817;1.524984532;0.093097397;NA;-1.278450024;4;4
under65;nhopi;38;1.449871805;1.505488367;0.096845869;NA;-1.278450024;4;4
under65;nhopi;39;1.680025115;1.486241451;0.101645654;NA;-1.278450024;4;4
under65;nhopi;40;1.438296147;1.467240597;0.094841699;NA;-1.278450024;4;4
under65;nhopi;41;1.307365678;1.448482659;0.088341656;Joinpoint 3;NA;4;4
under65;nhopi;42;1.598302920;1.614124764;0.100379212;NA;11.435560123;4;4
under65;nhopi;43;1.684346664;1.798708972;0.101537706;NA;11.435560123;4;4
under65;nhopi;44;2.115918150;2.004401418;0.103521206;Joinpoint 4;NA;4;4
under65;nhopi;45;1.928899919;1.906241751;0.096856437;NA;-4.897206005*;4;4
under65;nhopi;46;1.643985668;1.812889166;0.093650820;NA;-4.897206005*;4;4
under65;nhopi;47;1.812186898;1.724108249;0.105419078;NA;-4.897206005*;4;4
under65;nhopi;48;1.630512866;1.639675116;0.097042873;NA;-4.897206005*;4;4
under65;nhopi;49;1.546469243;1.559376848;0.092851000;NA;-4.897206005*;4;4
under65;nhopi;50;1.517279684;1.483010951;0.103822566;NA;-4.897206005*;4;4
