"age_grp";"race";"Model";"# Joinpoints";"# Observations";"# Parameters";"D.F.";"SSE";"BIC";"BIC3"
65andup;aian;1;0;50;2;48;   13429.0726976;       5.7496352;       5.7496352
65andup;aian;2;1;50;4;46;   11704.8145288;       5.7686944;       5.8469348
65andup;aian;3;2;50;6;44;    7048.7942949;       5.4180316;       5.5745125
65andup;aian;4;3;50;8;42;    3421.6223868;       4.8517708;       5.0864922
65andup;aian;5;4;50;10;40;    2995.0195240;       4.8750876;       5.1880495
65andup;aian;6;5;50;12;38;    2742.5642166;       4.9435111;       5.3347134
65andup;aian;7;6;50;14;36;    2357.2422637;       4.9485911;       5.4180339
65andup;aian;8;7;50;16;34;    2273.1908393;       5.0687641;       5.6164474
65andup;aian;9;8;50;18;32;    2267.4708665;       5.2227256;       5.8486493
65andup;aian;10;9;50;20;30;    2090.6411062;       5.2980122;       6.0021764
65andup;asian;1;0;50;2;48;  139656.1854862;       8.0913968;       8.0913968
65andup;asian;2;1;50;4;46;  120755.3951476;       8.1024611;       8.1807015
65andup;asian;3;2;50;6;44;   95805.4325183;       8.0274944;       8.1839753
65andup;asian;4;3;50;8;42;   76785.5070295;       7.9626719;       8.1973932
65andup;asian;5;4;50;10;40;   60411.6222860;       7.8793184;       8.1922802
65andup;asian;6;5;50;12;38;   22045.3091996;       7.0277176;       7.4189199
65andup;asian;7;6;50;14;36;   19333.6559533;       7.0529461;       7.5223889
65andup;asian;8;7;50;16;34;   18335.8632739;       7.1564385;       7.7041217
65andup;asian;9;8;50;18;32;   18165.8771579;       7.3036055;       7.9295292
65andup;asian;10;9;50;20;30;   17570.0868405;       7.4267393;       8.1309035
65andup;black;1;0;50;2;48;  473945.9692730;       9.3133065;       9.3133065
65andup;black;2;1;50;4;46;  357995.0766270;       9.1892133;       9.2674538
65andup;black;3;2;50;6;44;  229678.3529054;       8.9018549;       9.0583358
65andup;black;4;3;50;8;42;  139360.1407716;       8.5587175;       8.7934389
65andup;black;5;4;50;10;40;  123778.9966584;       8.5966346;       8.9095964
65andup;black;6;5;50;12;38;  102323.9811640;       8.5627619;       8.9539642
65andup;black;7;6;50;14;36;   98259.5134925;       8.6787108;       9.1481536
65andup;black;8;7;50;16;34;   93953.4209696;       8.7903788;       9.3380620
65andup;black;9;8;50;18;32;   91829.1932735;       8.9239908;       9.5499145
65andup;black;10;9;50;20;30;   87913.3506679;       9.0368932;       9.7410573
65andup;hisp;1;0;50;2;48;  506130.5956998;       9.3790079;       9.3790079
65andup;hisp;2;1;50;4;46;  378168.2278917;       9.2440333;       9.3222737
65andup;hisp;3;2;50;6;44;  255665.6937798;       9.0090457;       9.1655267
65andup;hisp;4;3;50;8;42;  230659.5847579;       9.0625989;       9.2973203
65andup;hisp;5;4;50;10;40;  181033.2684088;       8.9768177;       9.2897795
65andup;hisp;6;5;50;12;38;   85030.3497854;       8.3776260;       8.7688283
65andup;hisp;7;6;50;14;36;   77975.6123144;       8.4474948;       8.9169376
65andup;hisp;8;7;50;16;34;   72731.8998535;       8.5343597;       9.0820429
65andup;hisp;9;8;50;18;32;   70958.6840541;       8.6661583;       9.2920820
65andup;hisp;10;9;50;20;30;   70138.0727304;       8.8110072;       9.5151714
65andup;multirace;1;0;50;2;48;    4366.7344009;       4.6262286;       4.6262286
65andup;multirace;2;1;50;4;46;    3975.4411699;       4.6888298;       4.7670703
65andup;multirace;3;2;50;6;44;    3610.3091878;       4.7489685;       4.9054494
65andup;multirace;4;3;50;8;42;    3517.8073530;       4.8794938;       5.1142152
65andup;multirace;5;4;50;10;40;    3213.7739437;       4.9455828;       5.2585446
65andup;multirace;6;5;50;12;38;    3117.5112613;       5.0716528;       5.4628551
65andup;multirace;7;6;50;14;36;    3022.0225400;       5.1970250;       5.6664678
65andup;multirace;8;7;50;16;34;    2947.3968076;       5.3285020;       5.8761852
65andup;multirace;9;8;50;18;32;    2885.7240220;       5.4638364;       6.0897601
65andup;multirace;10;9;50;20;30;    2793.0695416;       5.5876827;       6.2918468
65andup;nhopi;1;0;50;2;48;    3442.5318501;       4.3884204;       4.3884204
65andup;nhopi;2;1;50;4;46;    3021.9931731;       4.4146107;       4.4928512
65andup;nhopi;3;2;50;6;44;    2905.9617560;       4.5319394;       4.6884204
65andup;nhopi;4;3;50;8;42;    2547.8460367;       4.5569043;       4.7916256
65andup;nhopi;5;4;50;10;40;    2505.2927069;       4.6965425;       5.0095043
65andup;nhopi;6;5;50;12;38;    2261.0025944;       4.7504261;       5.1416284
65andup;nhopi;7;6;50;14;36;    2139.4610825;       4.8516527;       5.3210954
65andup;nhopi;8;7;50;16;34;    2066.7137597;       4.9735394;       5.5212226
65andup;nhopi;9;8;50;18;32;    1974.8020902;       5.0845287;       5.7104524
65andup;nhopi;10;9;50;20;30;    1868.1561592;       5.1854934;       5.8896576
all_ages;aian;1;0;50;2;48;     413.5274722;       2.2691819;       2.2691819
all_ages;aian;2;1;50;4;46;     351.3770981;       2.2627988;       2.3410393
all_ages;aian;3;2;50;6;44;     121.6197785;       1.3583194;       1.5148003
all_ages;aian;4;3;50;8;42;     116.1585811;       1.4688570;       1.7035784
all_ages;aian;5;4;50;10;40;      92.8918836;       1.4018179;       1.7147797
all_ages;aian;6;5;50;12;38;      55.3609986;       1.0407379;       1.4319402
all_ages;aian;7;6;50;14;36;      48.8489345;       1.0720760;       1.5415188
all_ages;aian;8;7;50;16;34;      43.2791449;       1.1074952;       1.6551785
all_ages;aian;9;8;50;18;32;      40.9077609;       1.2076251;       1.8335488
all_ages;aian;10;9;50;20;30;      35.8988977;       1.2334928;       1.9376569
all_ages;asian;1;0;50;2;48;    3001.9725229;       4.2514828;       4.2514828
all_ages;asian;2;1;50;4;46;    2548.1931850;       4.2440787;       4.3223191
all_ages;asian;3;2;50;6;44;    1915.4569799;       4.1151313;       4.2716122
all_ages;asian;4;3;50;8;42;    1509.2962808;       4.0332995;       4.2680208
all_ages;asian;5;4;50;10;40;    1210.5792250;       3.9692358;       4.2821977
all_ages;asian;6;5;50;12;38;     483.7489022;       3.2084285;       3.5996308
all_ages;asian;7;6;50;14;36;     408.0835347;       3.1948153;       3.6642581
all_ages;asian;8;7;50;16;34;     346.9187126;       3.1889149;       3.7365981
all_ages;asian;9;8;50;18;32;     344.0429406;       3.3370718;       3.9629954
all_ages;asian;10;9;50;20;30;     330.7833421;       3.4542498;       4.1584139
all_ages;black;1;0;50;2;48;    8883.5005782;       5.3364089;       5.3364089
all_ages;black;2;1;50;4;46;    6575.3170990;       5.1920169;       5.2702574
all_ages;black;3;2;50;6;44;    3936.6477183;       4.8355046;       4.9919855
all_ages;black;4;3;50;8;42;    2689.5274731;       4.6110215;       4.8457429
all_ages;black;5;4;50;10;40;    2255.0531691;       4.5913104;       4.9042723
all_ages;black;6;5;50;12;38;    2001.5880943;       4.6285587;       5.0197610
all_ages;black;7;6;50;14;36;    1865.1180842;       4.7144231;       5.1838658
all_ages;black;8;7;50;16;34;    1786.9554907;       4.8280930;       5.3757762
all_ages;black;9;8;50;18;32;    1712.7635903;       4.9421688;       5.5680924
all_ages;black;10;9;50;20;30;    1679.7689665;       5.0791977;       5.7833619
all_ages;hisp;1;0;50;2;48;   11933.7846683;       5.6315866;       5.6315866
all_ages;hisp;2;1;50;4;46;    8815.2852439;       5.4851813;       5.5634217
all_ages;hisp;3;2;50;6;44;    5978.0645653;       5.2532719;       5.4097528
all_ages;hisp;4;3;50;8;42;    5079.4178261;       5.2468526;       5.4815740
all_ages;hisp;5;4;50;10;40;    4124.4918512;       5.1950797;       5.5080415
all_ages;hisp;6;5;50;12;38;    1816.1783060;       4.5313523;       4.9225546
all_ages;hisp;7;6;50;14;36;    1688.5407765;       4.6149634;       5.0844062
all_ages;hisp;8;7;50;16;34;    1641.1246513;       4.7429614;       5.2906446
all_ages;hisp;9;8;50;18;32;    1577.4256487;       4.8598547;       5.4857784
all_ages;hisp;10;9;50;20;30;    1559.9288818;       5.0051817;       5.7093458
all_ages;multirace;1;0;50;2;48;      76.8050899;       0.5857288;       0.5857288
all_ages;multirace;2;1;50;4;46;      68.3412142;       0.6254518;       0.7036923
all_ages;multirace;3;2;50;6;44;      59.6482586;       0.6458847;       0.8023656
all_ages;multirace;4;3;50;8;42;      57.0876284;       0.7584881;       0.9932095
all_ages;multirace;5;4;50;10;40;      51.6464509;       0.8148031;       1.1277649
all_ages;multirace;6;5;50;12;38;      49.3454964;       0.9257090;       1.3169113
all_ages;multirace;7;6;50;14;36;      48.6143682;       1.0672626;       1.5367053
all_ages;multirace;8;7;50;16;34;      46.7977581;       1.1856597;       1.7333429
all_ages;multirace;9;8;50;18;32;      45.5845153;       1.3158734;       1.9417970
all_ages;multirace;10;9;50;20;30;      44.6551471;       1.4517558;       2.1559199
all_ages;nhopi;1;0;50;2;48;      79.6855389;       0.6225460;       0.6225460
all_ages;nhopi;2;1;50;4;46;      68.3398476;       0.6254319;       0.7036723
all_ages;nhopi;3;2;50;6;44;      61.6506025;       0.6789028;       0.8353837
all_ages;nhopi;4;3;50;8;42;      57.8224903;       0.7712785;       1.0059999
all_ages;nhopi;5;4;50;10;40;      47.6578834;       0.7344297;       1.0473915
all_ages;nhopi;6;5;50;12;38;      42.5099616;       0.7766010;       1.1678033
all_ages;nhopi;7;6;50;14;36;      40.3964435;       0.8820852;       1.3515279
all_ages;nhopi;8;7;50;16;34;      34.7020933;       0.8866244;       1.4343076
all_ages;nhopi;9;8;50;18;32;      34.1295958;       1.0264702;       1.6523939
all_ages;nhopi;10;9;50;20;30;      32.6456393;       1.1384975;       1.8426616
under65;aian;1;0;50;2;48;     360.1555777;       2.1309940;       2.1309940
under65;aian;2;1;50;4;46;     290.2573147;       2.0717067;       2.1499471
under65;aian;3;2;50;6;44;     107.8218051;       1.2378997;       1.3943806
under65;aian;4;3;50;8;42;      99.3203766;       1.3122514;       1.5469728
under65;aian;5;4;50;10;40;      68.8041318;       1.1016454;       1.4146072
under65;aian;6;5;50;12;38;      52.1113939;       0.9802461;       1.3714484
under65;aian;7;6;50;14;36;      41.5335033;       0.9098438;       1.3792866
under65;aian;8;7;50;16;34;      36.1670495;       0.9279728;       1.4756560
under65;aian;9;8;50;18;32;      36.0398232;       1.0809298;       1.7068535
under65;aian;10;9;50;20;30;      34.0744322;       1.1813335;       1.8854977
under65;asian;1;0;50;2;48;     837.2378735;       2.9745661;       2.9745661
under65;asian;2;1;50;4;46;     639.8217399;       2.8621284;       2.9403689
under65;asian;3;2;50;6;44;     497.9295236;       2.7678783;       2.9243592
under65;asian;4;3;50;8;42;     409.4474151;       2.7287092;       2.9634305
under65;asian;5;4;50;10;40;     343.1748402;       2.7086217;       3.0215835
under65;asian;6;5;50;12;38;     160.0388248;       2.1022790;       2.4934813
under65;asian;7;6;50;14;36;     140.4256397;       2.1280215;       2.5974643
under65;asian;8;7;50;16;34;     126.6004603;       2.1808605;       2.7285437
under65;asian;9;8;50;18;32;     114.2044271;       2.2342953;       2.8602190
under65;asian;10;9;50;20;30;     111.5136588;       2.3669333;       3.0710974
under65;black;1;0;50;2;48;    2486.5082065;       4.0630926;       4.0630926
under65;black;2;1;50;4;46;    1664.1787333;       3.8180259;       3.8962663
under65;black;3;2;50;6;44;     915.6542435;       3.3770586;       3.5335395
under65;black;4;3;50;8;42;     821.1170735;       3.4245664;       3.6592878
under65;black;5;4;50;10;40;     749.9379552;       3.4903721;       3.8033339
under65;black;6;5;50;12;38;     561.1128597;       3.3567846;       3.7479869
under65;black;7;6;50;14;36;     555.0273624;       3.5023609;       3.9718036
under65;black;8;7;50;16;34;     538.3183061;       3.6282744;       4.1759576
under65;black;9;8;50;18;32;     534.3962237;       3.7774428;       4.4033665
under65;black;10;9;50;20;30;     522.1377503;       3.9107176;       4.6148818
under65;hisp;1;0;50;2;48;    5975.6624955;       4.9399082;       4.9399082
under65;hisp;2;1;50;4;46;    4457.4802436;       4.8032778;       4.8815182
under65;hisp;3;2;50;6;44;    3189.0625941;       4.6249021;       4.7813830
under65;hisp;4;3;50;8;42;    2123.6436598;       4.3747893;       4.6095107
under65;hisp;5;4;50;10;40;    1890.8330275;       4.4151544;       4.7281162
under65;hisp;6;5;50;12;38;     906.9190787;       3.8369157;       4.2281180
under65;hisp;7;6;50;14;36;     769.0812080;       3.8285400;       4.2979828
under65;hisp;8;7;50;16;34;     703.7045147;       3.8961829;       4.4438661
under65;hisp;9;8;50;18;32;     684.5191692;       4.0250219;       4.6509456
under65;hisp;10;9;50;20;30;     674.9163035;       4.1673749;       4.8715390
under65;multirace;1;0;50;2;48;      75.2815446;       0.5656929;       0.5656929
under65;multirace;2;1;50;4;46;      73.5576941;       0.6990089;       0.7772493
under65;multirace;3;2;50;6;44;      67.2743496;       0.7661988;       0.9226797
under65;multirace;4;3;50;8;42;      60.7219629;       0.8202061;       1.0549275
under65;multirace;5;4;50;10;40;      55.9602850;       0.8950238;       1.2079857
under65;multirace;6;5;50;12;38;      53.1219104;       0.9994520;       1.3906543
under65;multirace;7;6;50;14;36;      50.4177211;       1.1036862;       1.5731289
under65;multirace;8;7;50;16;34;      46.2683701;       1.1742829;       1.7219662
under65;multirace;9;8;50;18;32;      43.4004168;       1.2667743;       1.8926980
under65;multirace;10;9;50;20;30;      42.0005851;       1.3904697;       2.0946339
under65;nhopi;1;0;50;2;48;     116.1213484;       0.9990937;       0.9990937
under65;nhopi;2;1;50;4;46;     106.9100321;       1.0729265;       1.1511670
under65;nhopi;3;2;50;6;44;      77.5445964;       0.9082730;       1.0647539
under65;nhopi;4;3;50;8;42;      69.0911839;       0.9493278;       1.1840492
under65;nhopi;5;4;50;10;40;      54.9836989;       0.8774184;       1.1903802
under65;nhopi;6;5;50;12;38;      51.8800959;       0.9757977;       1.3670000
under65;nhopi;7;6;50;14;36;      50.7005074;       1.1092794;       1.5787221
under65;nhopi;8;7;50;16;34;      48.1295374;       1.2137204;       1.7614036
under65;nhopi;9;8;50;18;32;      45.6188020;       1.3166252;       1.9425489
under65;nhopi;10;9;50;20;30;      44.1793705;       1.4410441;       2.1452083
