"age_grp";"race";"Model";"#Obs";"#Param";"DF";"SSE";"MSE";"Auto Corr";"Segment";"Joinpoint";"Joinpoint 95% LCL";"Joinpoint 95% UCL";"Intercept Estimate";"Intercept Std Error";"Intercept Test Statistic";"Intercept P-Value";"Slope Estimate";"Slope Std Error";"Slope Test Statistic";"Slope P-Value";"SlopeChg Estimate";"SlopeChg Std Error";"SlopeChg Test Statistic";"SlopeChg P-Value";"Covar-Int vs Int";"Covar-Int vs Slope";"Covar-Slope vs Slope";"Corr-Int vs Int";"Corr-Int vs Slope";"Corr-Slope vs Slope"
65andup;aian;3;50;8;42;3421.622387;81.467200;Uncorrelated;0;NA;NA;NA;-0.171833;0.017691;-9.713091;0.000000;-0.001792;0.001182;-1.515619;0.137680;NA;NA;NA;NA;0.000313;0.000000;3.229234;1.000000;0.000000;1.000000
65andup;aian;3;50;8;42;3421.622387;81.467200;Uncorrelated;1;26;21;29;-0.913797;0.149000;-6.132874;0.000000;0.026745;0.004754;5.625900;0.000002;0.028537;0.004899;5.825385;0.000001;0.000001;0.000000;0.002307;1.000000;0.000000;1.000000
65andup;aian;3;50;8;42;3421.622387;81.467200;Uncorrelated;2;36;34;38;2.691899;1.797007;1.497991;0.142187;-0.073413;0.048034;-1.528366;0.134493;-0.100158;0.048268;-2.075023;0.044628;0.022201;0.000000;0.027320;1.000000;0.000000;1.000000
65andup;aian;3;50;8;42;3421.622387;81.467200;Uncorrelated;3;39;38;42;-0.443411;0.165286;-2.682685;0.010657;0.006979;0.003638;1.918322;0.062412;0.080393;0.048171;1.668886;0.103150;0.000023;0.000000;0.000013;1.000000;0.000000;1.000000
65andup;asian;5;50;12;38;22045.309200;580.139716;Uncorrelated;0;NA;NA;NA;-0.582074;0.011682;-49.825204;0.000000;-0.001367;0.000814;-1.679626;0.102475;NA;NA;NA;NA;0.000136;0.000000;1.271201;1.000000;0.000000;1.000000
65andup;asian;5;50;12;38;22045.309200;580.139716;Uncorrelated;1;25;21;26;-2.836983;0.958829;-2.958800;0.005676;0.088829;0.036126;2.458838;0.019353;0.090196;0.036136;2.496055;0.017731;0.000001;0.000000;0.001003;1.000000;0.000000;1.000000
65andup;asian;5;50;12;38;22045.309200;580.139716;Uncorrelated;2;28;27;29;1.240656;0.247434;5.014093;0.000018;-0.056801;0.007986;-7.112146;0.000000;-0.145630;0.036999;-3.936088;0.000403;0.919353;0.000000;0.057797;1.000000;0.000000;1.000000
65andup;asian;5;50;12;38;22045.309200;580.139716;Uncorrelated;3;34;32;35;-4.614381;1.127475;-4.092666;0.000258;0.115406;0.031676;3.643360;0.000914;0.172207;0.032667;5.271587;0.000008;0.001305;0.000000;0.000036;1.000000;0.000000;1.000000
65andup;asian;5;50;12;38;22045.309200;580.139716;Uncorrelated;4;37;36;38;1.582386;0.240410;6.582037;0.000000;-0.052074;0.005960;-8.737337;0.000000;-0.167480;0.032232;-5.196162;0.000010;0.061223;0.000000;0.076041;1.000000;0.000000;1.000000
65andup;asian;5;50;12;38;22045.309200;580.139716;Uncorrelated;5;44;40;47;-2.310329;0.275755;-8.378197;0.000000;0.036397;0.005784;6.292968;0.000000;0.088471;0.008305;10.652775;0.000000;0.000064;0.000000;0.000033;1.000000;0.000000;1.000000
65andup;black;3;50;8;42;139360.140772;3318.098590;Uncorrelated;0;NA;NA;NA;0.080375;0.020107;3.997350;0.000276;-0.001004;0.001403;-0.715632;0.478482;NA;NA;NA;NA;0.000404;0.000000;0.325651;1.000000;0.000000;1.000000
65andup;black;3;50;8;42;139360.140772;3318.098590;Uncorrelated;1;25;23;26;-2.758525;1.689392;-1.632850;0.110550;0.112552;0.063638;1.768613;0.084780;0.113556;0.063654;1.783958;0.082213;0.000002;0.000000;0.000350;1.000000;0.000000;1.000000
65andup;black;3;50;8;42;139360.140772;3318.098590;Uncorrelated;2;28;27;29;1.861566;0.570658;3.262139;0.002302;-0.052451;0.018709;-2.803590;0.007835;-0.165003;0.066332;-2.487554;0.017246;2.854047;0.000000;0.007556;1.000000;0.000000;1.000000
65andup;black;3;50;8;42;139360.140772;3318.098590;Uncorrelated;3;33;30;36;0.230330;0.086925;2.649761;0.011574;-0.003020;0.002062;-1.464922;0.150958;0.049431;0.018822;2.626273;0.012272;0.004050;0.000000;0.000004;1.000000;0.000000;1.000000
65andup;hisp;5;50;12;38;85030.349785;2237.640784;Uncorrelated;0;NA;NA;NA;-0.343433;0.025788;-13.317699;0.000000;0.000092;0.001797;0.051212;0.959465;NA;NA;NA;NA;0.000665;0.000000;5.408009;1.000000;0.000000;1.000000
65andup;hisp;5;50;12;38;85030.349785;2237.640784;Uncorrelated;1;25;21;28;-1.963459;0.503709;-3.898007;0.000449;0.064893;0.017925;3.620220;0.000975;0.064801;0.018015;3.597047;0.001039;0.000003;0.000000;0.004271;1.000000;0.000000;1.000000
65andup;hisp;5;50;12;38;85030.349785;2237.640784;Uncorrelated;2;31;30;32;3.751141;2.432489;1.542100;0.132585;-0.119449;0.074955;-1.593610;0.120558;-0.184342;0.077068;-2.391925;0.022615;0.253722;0.000000;2.099247;1.000000;0.000000;1.000000
65andup;hisp;5;50;12;38;85030.349785;2237.640784;Uncorrelated;3;34;33;35;-4.479597;2.325513;-1.926284;0.062719;0.122632;0.065356;1.876377;0.069471;0.242081;0.099446;2.434282;0.020497;0.000321;0.000000;0.001387;1.000000;0.000000;1.000000
65andup;hisp;5;50;12;38;85030.349785;2237.640784;Uncorrelated;4;37;36;38;3.607306;1.448878;2.489724;0.017998;-0.095933;0.037238;-2.576215;0.014652;-0.218565;0.075220;-2.905683;0.006497;5.917002;0.000000;0.102183;1.000000;0.000000;1.000000
65andup;hisp;5;50;12;38;85030.349785;2237.640784;Uncorrelated;5;41;39;44;-0.978180;0.319661;-3.060052;0.004374;0.015908;0.006896;2.306667;0.027491;0.111841;0.037871;2.953190;0.005758;0.005618;0.000000;0.000048;1.000000;0.000000;1.000000
65andup;multirace;0;50;2;48;4366.734401;90.973633;Uncorrelated;0;NA;NA;NA;-0.898489;0.014881;-60.380184;0.000000;0.000198;0.000483;0.409398;0.684069;NA;NA;NA;NA;0.000221;-0.000006;0.000000;1.000000;-0.882352;1.000000
65andup;nhopi;0;50;2;48;3442.531850;71.719414;Uncorrelated;0;NA;NA;NA;-0.296956;0.025680;-11.563801;0.000000;0.002946;0.000816;3.610862;0.000728;NA;NA;NA;NA;0.000659;-0.000019;0.000001;1.000000;-0.888260;1.000000
all_ages;aian;5;50;12;38;55.360999;1.456868;Uncorrelated;0;NA;NA;NA;0.064991;0.012260;5.301147;0.000008;-0.000404;0.000788;-0.513008;0.611363;NA;NA;NA;NA;0.000150;0.000000;2.049957;1.000000;0.000000;1.000000
all_ages;aian;5;50;12;38;55.360999;1.456868;Uncorrelated;1;27;25;28;-1.986794;1.073421;-1.850899;0.073153;0.075588;0.037641;2.008132;0.052872;0.075992;0.037649;2.018433;0.051734;0.000001;0.000000;0.001384;1.000000;0.000000;1.000000
all_ages;aian;5;50;12;38;55.360999;1.456868;Uncorrelated;2;30;29;32;0.186852;0.191813;0.974133;0.337077;0.003133;0.005685;0.551010;0.585338;-0.072455;0.038068;-1.903315;0.065753;1.152233;0.000000;0.236923;1.000000;0.000000;1.000000
all_ages;aian;5;50;12;38;55.360999;1.456868;Uncorrelated;3;37;34;38;2.258595;1.431767;1.577488;0.124223;-0.052860;0.037209;-1.420647;0.164800;-0.055993;0.037640;-1.487576;0.146357;0.001417;0.000000;0.000131;1.000000;0.000000;1.000000
all_ages;aian;5;50;12;38;55.360999;1.456868;Uncorrelated;4;40;38;42;-1.033170;0.486747;-2.122601;0.041378;0.029434;0.011424;2.576515;0.014642;0.082294;0.038923;2.114290;0.042131;0.036792;0.000000;0.141808;1.000000;0.000000;1.000000
all_ages;aian;5;50;12;38;55.360999;1.456868;Uncorrelated;5;45;42;48;1.371410;0.376573;3.641812;0.000918;-0.024001;0.007850;-3.057556;0.004402;-0.053435;0.013861;-3.855092;0.000507;0.000032;0.000000;0.000062;1.000000;0.000000;1.000000
all_ages;asian;5;50;12;38;483.748902;12.730234;Uncorrelated;0;NA;NA;NA;-0.664761;0.011867;-56.016330;0.000000;-0.001180;0.000827;-1.426212;0.163200;NA;NA;NA;NA;0.000141;0.000000;1.335903;1.000000;0.000000;1.000000
all_ages;asian;5;50;12;38;483.748902;12.730234;Uncorrelated;1;25;21;26;-2.798374;0.976655;-2.865264;0.007196;0.084165;0.036800;2.287100;0.028736;0.085345;0.036809;2.318567;0.026758;0.000001;0.000000;0.001055;1.000000;0.000000;1.000000
all_ages;asian;5;50;12;38;483.748902;12.730234;Uncorrelated;2;28;27;29;1.087468;0.250694;4.337837;0.000128;-0.054615;0.008091;-6.749899;0.000000;-0.138780;0.037679;-3.683231;0.000819;0.953854;0.000000;0.059272;1.000000;0.000000;1.000000
all_ages;asian;5;50;12;38;483.748902;12.730234;Uncorrelated;3;34;31;35;-4.667050;1.155813;-4.037895;0.000302;0.114635;0.032477;3.529743;0.001250;0.169251;0.033470;5.056822;0.000016;0.001354;0.000000;0.000036;1.000000;0.000000;1.000000
all_ages;asian;5;50;12;38;483.748902;12.730234;Uncorrelated;4;37;36;38;1.642193;0.243458;6.745295;0.000000;-0.055885;0.006033;-9.263414;0.000000;-0.170520;0.033033;-5.162181;0.000011;0.062847;0.000000;0.078395;1.000000;0.000000;1.000000
all_ages;asian;5;50;12;38;483.748902;12.730234;Uncorrelated;5;44;40;46;-2.566269;0.279991;-9.165538;0.000000;0.039762;0.005878;6.764479;0.000000;0.095647;0.008423;11.355430;0.000000;0.000065;0.000000;0.000035;1.000000;0.000000;1.000000
all_ages;black;3;50;8;42;2689.527473;64.036368;Uncorrelated;0;NA;NA;NA;0.179631;0.017773;10.107074;0.000000;-0.000312;0.001240;-0.251415;0.802813;NA;NA;NA;NA;0.000316;0.000000;0.256932;1.000000;0.000000;1.000000
all_ages;black;3;50;8;42;2689.527473;64.036368;Uncorrelated;1;25;23;26;-2.254117;1.504426;-1.498324;0.142100;0.097038;0.056679;1.712058;0.094828;0.097350;0.056693;1.717148;0.093885;0.000002;0.000000;0.000276;1.000000;0.000000;1.000000
all_ages;black;3;50;8;42;2689.527473;64.036368;Uncorrelated;2;28;27;29;1.596779;0.506884;3.150186;0.003129;-0.040494;0.016612;-2.437645;0.019444;-0.137532;0.059063;-2.328547;0.025159;2.263298;0.000000;0.005993;1.000000;0.000000;1.000000
all_ages;black;3;50;8;42;2689.527473;64.036368;Uncorrelated;3;33;30;37;0.371524;0.077413;4.799246;0.000024;-0.003365;0.001835;-1.834212;0.074260;0.037129;0.016713;2.221575;0.032186;0.003213;0.000000;0.000003;1.000000;0.000000;1.000000
all_ages;hisp;5;50;12;38;1816.178306;47.794166;Uncorrelated;0;NA;NA;NA;-0.354524;0.024644;-14.385636;0.000000;0.000628;0.001713;0.366733;0.716159;NA;NA;NA;NA;0.000607;0.000000;4.968690;1.000000;0.000000;1.000000
all_ages;hisp;5;50;12;38;1816.178306;47.794166;Uncorrelated;1;25;21;28;-1.925566;0.476110;-4.044368;0.000297;0.063470;0.016926;3.749870;0.000680;0.062842;0.017012;3.693892;0.000795;0.000003;0.000000;0.003926;1.000000;0.000000;1.000000
all_ages;hisp;5;50;12;38;1816.178306;47.794166;Uncorrelated;2;31;30;32;3.464914;2.281341;1.518805;0.138335;-0.110417;0.070293;-1.570810;0.125767;-0.173886;0.072302;-2.405006;0.021940;0.226681;0.000000;6.856960;1.000000;0.000000;1.000000
all_ages;hisp;5;50;12;38;1816.178306;47.794166;Uncorrelated;3;34;33;35;-4.666613;2.229056;-2.093538;0.044065;0.128746;0.062654;2.054873;0.047878;0.239163;0.094163;2.539889;0.015981;0.000286;0.000000;0.004634;1.000000;0.000000;1.000000
all_ages;hisp;5;50;12;38;1816.178306;47.794166;Uncorrelated;4;37;36;38;4.767490;2.618580;1.820640;0.077741;-0.126230;0.068074;-1.854313;0.072650;-0.254976;0.092518;-2.755965;0.009455;5.204519;0.000000;0.063747;1.000000;0.000000;1.000000
all_ages;hisp;5;50;12;38;1816.178306;47.794166;Uncorrelated;5;40;39;43;-0.722900;0.252482;-2.863174;0.007234;0.011030;0.005513;2.000826;0.053693;0.137260;0.068296;2.009763;0.052691;0.004941;0.000000;0.000030;1.000000;0.000000;1.000000
all_ages;multirace;0;50;2;48;76.805090;1.600106;Uncorrelated;0;NA;NA;NA;-0.812340;0.011774;-68.996015;0.000000;0.001203;0.000380;3.168759;0.002664;NA;NA;NA;NA;0.000139;-0.000004;0.000000;1.000000;-0.884711;1.000000
all_ages;nhopi;0;50;2;48;79.685539;1.660115;Uncorrelated;0;NA;NA;NA;-0.151091;0.022451;-6.729845;0.000000;0.005119;0.000705;7.258008;0.000000;NA;NA;NA;NA;0.000504;-0.000014;0.000000;1.000000;-0.891615;1.000000
under65;aian;6;50;14;36;41.533503;1.153708;Uncorrelated;0;NA;NA;NA;0.515724;0.012429;41.493251;0.000000;0.001423;0.000801;1.775490;0.085964;NA;NA;NA;NA;0.000154;0.000000;0.000295;1.000000;0.000000;1.000000
under65;aian;6;50;14;36;41.533503;1.153708;Uncorrelated;1;27;3;28;-2.130829;1.092047;-1.951224;0.060424;0.099443;0.038272;2.598312;0.014385;0.098020;0.038281;2.560578;0.015724;0.000001;0.000000;2.043727;1.000000;0.000000;1.000000
under65;aian;6;50;14;36;41.533503;1.153708;Uncorrelated;2;30;25;32;1.557135;1.104397;1.409941;0.168841;-0.023489;0.035089;-0.669417;0.508349;-0.122932;0.051923;-2.367594;0.024550;1.192567;0.000000;0.001379;1.000000;0.000000;1.000000
under65;aian;6;50;14;36;41.533503;1.153708;Uncorrelated;3;33;29;38;-0.129772;0.602732;-0.215306;0.830986;0.027629;0.017187;1.607592;0.118400;0.051118;0.039072;1.308320;0.200700;0.001465;0.000000;0.591003;1.000000;0.000000;1.000000
under65;aian;6;50;14;36;41.533503;1.153708;Uncorrelated;4;37;32;41;3.829090;1.429590;2.678454;0.011884;-0.079367;0.037142;-2.136877;0.040879;-0.106996;0.040925;-2.614429;0.013846;1.219692;0.000000;0.000335;1.000000;0.000000;1.000000
under65;aian;6;50;14;36;41.533503;1.153708;Uncorrelated;5;40;35;45;-0.772816;0.768767;-1.005267;0.322808;0.035681;0.018300;1.949762;0.060605;0.115048;0.041405;2.778585;0.009328;0.001231;0.000000;0.077315;1.000000;0.000000;1.000000
under65;aian;6;50;14;36;41.533503;1.153708;Uncorrelated;6;44;38;48;1.142204;0.278057;4.107814;0.000284;-0.007842;0.005869;-1.336186;0.191536;-0.043523;0.019218;-2.264681;0.030918;0.363286;0.000000;0.000034;1.000000;0.000000;1.000000
under65;asian;5;50;12;38;160.038825;4.211548;Uncorrelated;0;NA;NA;NA;-0.930816;0.017263;-53.921080;0.000000;-0.000339;0.001206;-0.281108;0.780383;NA;NA;NA;NA;0.000298;0.000000;0.147298;1.000000;0.000000;1.000000
under65;asian;5;50;12;38;160.038825;4.211548;Uncorrelated;1;25;22;26;-3.176976;1.441999;-2.203174;0.034672;0.089508;0.054343;1.647090;0.109031;0.089846;0.054356;1.652919;0.107831;0.000001;0.000000;0.000126;1.000000;0.000000;1.000000
under65;asian;5;50;12;38;160.038825;4.211548;Uncorrelated;2;28;27;29;2.611898;1.544691;1.690887;0.100284;-0.117238;0.052414;-2.236750;0.032177;-0.206745;0.075501;-2.738311;0.009877;2.079362;0.000000;0.124662;1.000000;0.000000;1.000000
under65;asian;5;50;12;38;160.038825;4.211548;Uncorrelated;3;31;30;35;-2.506506;0.383794;-6.530855;0.000000;0.047872;0.011230;4.262750;0.000159;0.165110;0.053604;3.080176;0.004151;0.002953;0.000000;0.000076;1.000000;0.000000;1.000000
under65;asian;5;50;12;38;160.038825;4.211548;Uncorrelated;4;37;35;39;1.011227;0.353075;2.864058;0.007218;-0.047202;0.008737;-5.402455;0.000006;-0.095074;0.014229;-6.681826;0.000000;2.386071;0.000000;0.169226;1.000000;0.000000;1.000000
under65;asian;5;50;12;38;160.038825;4.211548;Uncorrelated;5;44;40;47;-2.272605;0.411370;-5.524474;0.000004;0.027430;0.008664;3.165908;0.003318;0.074633;0.012305;6.065311;0.000001;0.002747;0.000000;0.000075;1.000000;0.000000;1.000000
under65;black;5;50;12;38;561.112860;14.766128;Uncorrelated;0;NA;NA;NA;0.409644;0.011524;35.548097;0.000000;0.000707;0.000806;0.877524;0.386546;NA;NA;NA;NA;0.000133;0.000000;0.011060;1.000000;0.000000;1.000000
under65;black;5;50;12;38;561.112860;14.766128;Uncorrelated;1;25;22;26;-1.315985;0.994934;-1.322686;0.195033;0.069732;0.037494;1.859846;0.071841;0.069025;0.037502;1.840556;0.074694;0.000001;0.000000;0.000007;1.000000;0.000000;1.000000
under65;black;5;50;12;38;561.112860;14.766128;Uncorrelated;2;28;27;30;1.327894;0.333673;3.979623;0.000356;-0.024692;0.010930;-2.259163;0.030602;-0.094424;0.039054;-2.417773;0.021300;0.989894;0.000000;2.190212;1.000000;0.000000;1.000000
under65;black;5;50;12;38;561.112860;14.766128;Uncorrelated;3;33;30;42;0.474441;0.105165;4.511377;0.000077;0.001170;0.002727;0.429153;0.670601;0.025862;0.011265;2.295852;0.028173;0.001406;0.000000;0.001059;1.000000;0.000000;1.000000
under65;black;5;50;12;38;561.112860;14.766128;Uncorrelated;4;44;35;45;2.683395;1.479936;1.813182;0.078908;-0.049033;0.032549;-1.506451;0.141465;-0.050203;0.032663;-1.537025;0.133821;0.111338;0.000000;0.812628;1.000000;0.000000;1.000000
under65;black;5;50;12;38;561.112860;14.766128;Uncorrelated;5;47;45;48;-1.379614;0.901459;-1.530425;0.135442;0.037414;0.018409;2.032411;0.050224;0.086447;0.037394;2.311800;0.027173;0.000119;0.000000;0.000339;1.000000;0.000000;1.000000
under65;hisp;5;50;12;38;906.919079;23.866292;Uncorrelated;0;NA;NA;NA;-0.385246;0.024326;-15.837085;0.000000;0.002128;0.001689;1.260446;0.216349;NA;NA;NA;NA;0.000592;0.000000;5.216582;1.000000;0.000000;1.000000
under65;hisp;5;50;12;38;906.919079;23.866292;Uncorrelated;1;25;20;28;-1.827693;0.468751;-3.899068;0.000448;0.059826;0.016640;3.595326;0.001044;0.057698;0.016725;3.449701;0.001554;0.000003;0.000000;0.004125;1.000000;0.000000;1.000000
under65;hisp;5;50;12;38;906.919079;23.866292;Uncorrelated;2;31;27;32;2.627717;2.230250;1.178216;0.247137;-0.083897;0.068708;-1.221062;0.230715;-0.143723;0.070694;-2.033024;0.050159;0.219728;0.000000;6.750600;1.000000;0.000000;1.000000
under65;hisp;5;50;12;38;906.919079;23.866292;Uncorrelated;3;34;33;35;-4.664764;2.283984;-2.042380;0.049171;0.130588;0.064223;2.033341;0.050125;0.214485;0.094050;2.280537;0.029165;0.000277;0.000000;0.004558;1.000000;0.000000;1.000000
under65;hisp;5;50;12;38;906.919079;23.866292;Uncorrelated;4;37;36;38;5.254675;2.598192;2.022436;0.051298;-0.137505;0.067516;-2.036615;0.049777;-0.268093;0.093183;-2.877053;0.006985;4.974017;0.000000;0.060567;1.000000;0.000000;1.000000
under65;hisp;5;50;12;38;906.919079;23.866292;Uncorrelated;5;40;39;42;-0.821585;0.246103;-3.338381;0.002099;0.014402;0.005394;2.669973;0.011680;0.151907;0.067731;2.242776;0.031747;0.004721;0.000000;0.000029;1.000000;0.000000;1.000000
under65;multirace;0;50;2;48;75.281545;1.568366;Uncorrelated;0;NA;NA;NA;-0.600798;0.014495;-41.448523;0.000000;0.002450;0.000467;5.242458;0.000004;NA;NA;NA;NA;0.000210;-0.000006;0.000000;1.000000;-0.884766;1.000000
under65;nhopi;4;50;10;40;54.983699;1.374592;Uncorrelated;0;NA;NA;NA;0.258362;0.032585;7.928963;0.000000;0.000424;0.002170;0.195207;0.846329;NA;NA;NA;NA;0.001062;0.000000;0.000077;1.000000;0.000000;1.000000
under65;nhopi;4;50;10;40;54.983699;1.374592;Uncorrelated;1;26;3;39;-0.925629;0.912109;-1.014823;0.316962;0.045962;0.031960;1.438111;0.159040;0.045538;0.032033;1.421582;0.163754;0.000005;0.000000;14.988176;1.000000;0.000000;1.000000
under65;nhopi;4;50;10;40;54.983699;1.374592;Uncorrelated;2;31;26;42;0.898061;0.316348;2.838833;0.007398;-0.012867;0.008752;-1.470253;0.150180;-0.058829;0.033136;-1.775351;0.084295;0.831943;0.000000;0.008289;1.000000;0.000000;1.000000
under65;nhopi;4;50;10;40;54.983699;1.374592;Uncorrelated;3;41;39;45;-4.068812;3.871457;-1.050977;0.300273;0.108276;0.091043;1.189288;0.242112;0.121143;0.091463;1.324511;0.193681;0.001021;0.000000;0.475968;1.000000;0.000000;1.000000
under65;nhopi;4;50;10;40;54.983699;1.374592;Uncorrelated;4;44;43;48;2.904666;0.689905;4.210244;0.000162;-0.050212;0.014603;-3.438377;0.001494;-0.158488;0.092207;-1.718835;0.094234;0.100076;0.000000;0.000213;1.000000;0.000000;1.000000
