"age_grp";"race_eth";"Model";"#Obs";"#Param";"DF";"SSE";"MSE";"Auto Corr";"Segment";"Joinpoint";"Joinpoint 95% LCL";"Joinpoint 95% UCL";"Intercept Estimate";"Intercept Std Error";"Intercept Test Statistic";"Intercept P-Value";"Slope Estimate";"Slope Std Error";"Slope Test Statistic";"Slope P-Value";"SlopeChg Estimate";"SlopeChg Std Error";"SlopeChg Test Statistic";"SlopeChg P-Value";"Covar-Int vs Int";"Covar-Int vs Slope";"Covar-Slope vs Slope";"Corr-Int vs Int";"Corr-Int vs Slope";"Corr-Slope vs Slope"
65andup;American Indian or Alaska Native;4;50;10;40;8397.849238;209.946231;Uncorrelated;0;NA;NA;NA;5.751347;0.045567;126.218596;0.000000;-0.006508;0.003923;-1.659121;0.105780;NA;NA;NA;NA;0.002076;0.000000;0.013572;1.000000;0.000000;1.000000
65andup;American Indian or Alaska Native;4;50;10;40;8397.849238;209.946231;Uncorrelated;1;20;3;34;5.243647;0.193964;27.034177;0.000000;0.018877;0.007221;2.614288;0.012974;0.025385;0.008217;3.089192;0.003856;0.000015;0.000000;4.812635;1.000000;0.000000;1.000000
65andup;American Indian or Alaska Native;4;50;10;40;8397.849238;209.946231;Uncorrelated;2;33;25;38;1.090864;4.020660;0.271315;0.787699;0.144719;0.116497;1.242251;0.222176;0.125842;0.116721;1.078144;0.288141;0.037622;0.000000;0.003332;1.000000;0.000000;1.000000
65andup;American Indian or Alaska Native;4;50;10;40;8397.849238;209.946231;Uncorrelated;3;36;35;41;12.219601;2.193772;5.570133;0.000003;-0.164413;0.057726;-2.848173;0.007223;-0.309132;0.130015;-2.377663;0.022855;0.000052;0.000000;0.164453;1.000000;0.000000;1.000000
65andup;American Indian or Alaska Native;4;50;10;40;8397.849238;209.946231;Uncorrelated;4;40;38;48;4.244594;0.405528;10.466843;0.000000;0.034962;0.008913;3.922506;0.000378;0.199375;0.058410;3.413387;0.001601;16.165711;0.000000;0.000079;1.000000;0.000000;1.000000
65andup;Asian;5;50;12;38;821442.056547;21616.896225;Uncorrelated;0;NA;NA;NA;5.347297;0.041201;129.784175;0.000000;-0.006728;0.003200;-2.102224;0.043246;NA;NA;NA;NA;0.001698;0.000000;15.636835;1.000000;0.000000;1.000000
65andup;Asian;5;50;12;38;821442.056547;21616.896225;Uncorrelated;1;22;15;26;3.813617;0.657400;5.801064;0.000002;0.062985;0.026233;2.400975;0.022146;0.069713;0.026427;2.637892;0.012627;0.000010;0.000000;0.012403;1.000000;0.000000;1.000000
65andup;Asian;5;50;12;38;821442.056547;21616.896225;Uncorrelated;2;28;23;32;7.049767;0.789724;8.926879;0.000000;-0.052592;0.025433;-2.067899;0.046562;-0.115577;0.036537;-3.163239;0.003341;0.432174;0.000000;17.867178;1.000000;0.000000;1.000000
65andup;Asian;5;50;12;38;821442.056547;21616.896225;Uncorrelated;3;34;30;35;-2.379964;3.954344;-0.601861;0.551380;0.224753;0.111369;2.018089;0.051772;0.277345;0.114236;2.427821;0.020808;0.000688;0.000000;0.012051;1.000000;0.000000;1.000000
65andup;Asian;5;50;12;38;821442.056547;21616.896225;Uncorrelated;4;37;35;38;15.173546;4.226958;3.589708;0.001060;-0.249666;0.109778;-2.274288;0.029579;-0.474419;0.156379;-3.033787;0.004681;0.623663;0.000000;0.152267;1.000000;0.000000;1.000000
65andup;Asian;5;50;12;38;821442.056547;21616.896225;Uncorrelated;5;40;39;44;3.777001;0.390214;9.679315;0.000000;0.035247;0.008572;4.111673;0.000245;0.284914;0.110112;2.587489;0.014261;0.000647;0.000000;0.000073;1.000000;0.000000;1.000000
65andup;Black or African American;5;50;12;38;3152978.374161;82973.115109;Uncorrelated;0;NA;NA;NA;5.977865;0.041480;144.112709;0.000000;-0.002427;0.002851;-0.851458;0.400652;NA;NA;NA;NA;0.001721;0.000000;4.989228;1.000000;0.000000;1.000000
65andup;Black or African American;5;50;12;38;3152978.374161;82973.115109;Uncorrelated;1;25;17;27;2.065569;3.471043;0.595086;0.555845;0.154064;0.130960;1.176424;0.247842;0.156492;0.130991;1.194677;0.240729;0.000008;0.000000;0.004070;1.000000;0.000000;1.000000
65andup;Black or African American;5;50;12;38;3152978.374161;82973.115109;Uncorrelated;2;28;26;31;8.559724;1.247962;6.858964;0.000000;-0.077870;0.040876;-1.905045;0.065520;-0.231934;0.137191;-1.690596;0.100340;12.048140;0.000000;23.511540;1.000000;0.000000;1.000000
65andup;Black or African American;5;50;12;38;3152978.374161;82973.115109;Uncorrelated;3;33;30;35;2.647901;2.233658;1.185455;0.244304;0.101276;0.063799;1.587435;0.121951;0.179146;0.075770;2.364341;0.024099;0.017150;0.000000;0.015857;1.000000;0.000000;1.000000
65andup;Black or African American;5;50;12;38;3152978.374161;82973.115109;Uncorrelated;4;37;34;39;11.998186;4.848870;2.474429;0.018658;-0.151434;0.125925;-1.202571;0.237700;-0.252710;0.141165;-1.790182;0.082604;1.557408;0.000000;0.199316;1.000000;0.000000;1.000000
65andup;Black or African American;5;50;12;38;3152978.374161;82973.115109;Uncorrelated;5;40;38;45;5.169202;0.446448;11.578502;0.000000;0.019291;0.009804;1.967582;0.057568;0.170725;0.126306;1.351671;0.185674;0.001671;0.000000;0.000096;1.000000;0.000000;1.000000
65andup;hispanic;3;50;8;42;5045292.795174;120126.018933;Uncorrelated;0;NA;NA;NA;5.586237;0.062666;89.143479;0.000000;-0.005223;0.005139;-1.016313;0.315744;NA;NA;NA;NA;0.003927;0.000000;41.217378;1.000000;0.000000;1.000000
65andup;hispanic;3;50;8;42;5045292.795174;120126.018933;Uncorrelated;1;21;14;35;4.667353;0.216884;21.519997;0.000000;0.038534;0.007356;5.238182;0.000006;0.043756;0.008974;4.876176;0.000018;0.000026;0.000000;0.027803;1.000000;0.000000;1.000000
65andup;hispanic;3;50;8;42;5045292.795174;120126.018933;Uncorrelated;2;37;35;39;12.970129;6.420076;2.020245;0.050264;-0.185866;0.166743;-1.114686;0.271807;-0.224399;0.166905;-1.344475;0.186563;0.047039;0.000000;0.353506;1.000000;0.000000;1.000000
65andup;hispanic;3;50;8;42;5045292.795174;120126.018933;Uncorrelated;3;40;39;44;4.131012;0.594564;6.947969;0.000000;0.035112;0.013060;2.688479;0.010502;0.220978;0.167253;1.321217;0.194129;0.000054;0.000000;0.000171;1.000000;0.000000;1.000000
65andup;More than one race;4;50;10;40;15555.307638;388.882691;Uncorrelated;0;NA;NA;NA;5.272331;0.130066;40.535811;0.000000;-0.084297;0.060023;-1.404395;0.168771;NA;NA;NA;NA;0.016917;0.000000;0.010126;1.000000;0.000000;1.000000
65andup;More than one race;4;50;10;40;15555.307638;388.882691;Uncorrelated;1;4;3;35;4.922220;0.036720;134.046462;0.000000;0.003231;0.001716;1.882716;0.067840;0.087528;0.060048;1.457632;0.153611;0.003603;0.000000;14.785955;1.000000;0.000000;1.000000
65andup;More than one race;4;50;10;40;15555.307638;388.882691;Uncorrelated;2;34;17;38;1.131305;3.573212;0.316607;0.753370;0.114729;0.100627;1.140134;0.261760;0.111498;0.100642;1.107862;0.275269;0.001348;0.000000;0.009976;1.000000;0.000000;1.000000
65andup;More than one race;4;50;10;40;15555.307638;388.882691;Uncorrelated;3;37;35;44;10.593382;3.845251;2.754926;0.009150;-0.141003;0.099882;-1.411700;0.166624;-0.255732;0.141782;-1.803692;0.079653;0.000003;0.000000;0.123542;1.000000;0.000000;1.000000
65andup;More than one race;4;50;10;40;15555.307638;388.882691;Uncorrelated;4;40;38;48;3.946025;0.351486;11.226691;0.000000;0.025181;0.007724;3.260276;0.002436;0.166184;0.100180;1.658854;0.105834;12.767843;0.000000;0.000060;1.000000;0.000000;1.000000
65andup;Native Hawaiian or Other Pacific Islander;0;50;2;48;1219.516895;25.406602;Uncorrelated;0;NA;NA;NA;5.544769;0.046408;119.479700;0.000000;0.006022;0.001491;4.037978;0.000193;NA;NA;NA;NA;0.002154;-0.000062;0.000002;1.000000;-0.891196;1.000000
65andup;White;4;50;10;40;129405856.590576;3235146.414764;Uncorrelated;0;NA;NA;NA;6.105781;0.090982;67.109473;0.000000;-0.055635;0.033183;-1.676598;0.102285;NA;NA;NA;NA;0.008278;0.000000;0.010036;1.000000;0.000000;1.000000
65andup;White;4;50;10;40;129405856.590576;3235146.414764;Uncorrelated;1;5;3;23;5.808766;0.037013;156.940203;0.000000;0.003768;0.001788;2.107276;0.042125;0.059403;0.033231;1.787558;0.082269;0.001101;0.000000;3.591757;1.000000;0.000000;1.000000
65andup;White;4;50;10;40;129405856.590576;3235146.414764;Uncorrelated;2;33;29;35;2.398725;3.456655;0.693944;0.492171;0.107103;0.100182;1.069085;0.292148;0.103335;0.100198;1.031309;0.309275;0.001370;0.000000;0.002486;1.000000;0.000000;1.000000
65andup;White;4;50;10;40;129405856.590576;3235146.414764;Uncorrelated;3;36;35;38;10.158667;1.895193;5.360227;0.000005;-0.108451;0.049859;-2.175180;0.036264;-0.215554;0.111903;-1.926262;0.061996;0.000003;0.000000;0.125056;1.000000;0.000000;1.000000
65andup;White;4;50;10;40;129405856.590576;3235146.414764;Uncorrelated;4;40;38;43;4.672424;0.353633;13.212642;0.000000;0.028705;0.007761;3.698631;0.000719;0.137156;0.050459;2.718171;0.010033;11.948462;0.000000;0.000060;1.000000;0.000000;1.000000
all_ages;American Indian or Alaska Native;4;50;10;40;113.514160;2.837854;Uncorrelated;0;NA;NA;NA;4.220652;0.035251;119.732884;0.000000;-0.003179;0.002648;-1.200679;0.237717;NA;NA;NA;NA;0.001243;0.000000;0.010459;1.000000;0.000000;1.000000
all_ages;American Indian or Alaska Native;4;50;10;40;113.514160;2.837854;Uncorrelated;1;23;17;28;3.228139;0.166791;19.354404;0.000000;0.039974;0.005499;7.268647;0.000000;0.043153;0.006104;7.070023;0.000000;0.000007;0.000000;1.861532;1.000000;0.000000;1.000000
all_ages;American Indian or Alaska Native;4;50;10;40;113.514160;2.837854;Uncorrelated;2;37;35;38;10.580177;3.937133;2.687280;0.010836;-0.158730;0.102269;-1.552084;0.129390;-0.198704;0.102417;-1.940151;0.060226;0.027819;0.000000;0.001030;1.000000;0.000000;1.000000
all_ages;American Indian or Alaska Native;4;50;10;40;113.514160;2.837854;Uncorrelated;3;40;38;43;1.158827;1.364380;0.849344;0.401303;0.076804;0.032100;2.392668;0.022068;0.235534;0.107188;2.197385;0.034511;0.000030;0.000000;1.214215;1.000000;0.000000;1.000000
all_ages;American Indian or Alaska Native;4;50;10;40;113.514160;2.837854;Uncorrelated;4;45;42;48;6.309854;1.101914;5.726266;0.000002;-0.037663;0.022952;-1.640936;0.109520;-0.114467;0.039461;-2.900741;0.006312;15.501013;0.000000;0.000527;1.000000;0.000000;1.000000
all_ages;Asian;5;50;12;38;11595.584156;305.146951;Uncorrelated;0;NA;NA;NA;3.506319;0.037305;93.989394;0.000000;-0.005862;0.002907;-2.016727;0.051921;NA;NA;NA;NA;0.001392;0.000000;13.223145;1.000000;0.000000;1.000000
all_ages;Asian;5;50;12;38;11595.584156;305.146951;Uncorrelated;1;22;15;26;2.062712;0.602024;3.426296;0.001656;0.059756;0.024024;2.487316;0.018101;0.065618;0.024200;2.711551;0.010549;0.000008;0.000000;0.010489;1.000000;0.000000;1.000000
all_ages;Asian;5;50;12;38;11595.584156;305.146951;Uncorrelated;2;28;24;31;5.079035;0.724222;7.013093;0.000000;-0.047970;0.023325;-2.056588;0.047703;-0.107726;0.033485;-3.217174;0.002899;0.362433;0.000000;15.123820;1.000000;0.000000;1.000000
all_ages;Asian;5;50;12;38;11595.584156;305.146951;Uncorrelated;3;34;30;35;-3.573799;3.636364;-0.982794;0.332860;0.206526;0.102414;2.016584;0.051937;0.254495;0.105036;2.422929;0.021046;0.000577;0.000000;0.010201;1.000000;0.000000;1.000000
all_ages;Asian;5;50;12;38;11595.584156;305.146951;Uncorrelated;4;37;35;38;12.209873;3.888936;3.139644;0.003555;-0.220060;0.101000;-2.178820;0.036589;-0.426586;0.143838;-2.965729;0.005576;0.524497;0.000000;0.129114;1.000000;0.000000;1.000000
all_ages;Asian;5;50;12;38;11595.584156;305.146951;Uncorrelated;5;40;39;44;2.264196;0.359324;6.301262;0.000000;0.028582;0.007893;3.621256;0.000972;0.248642;0.101308;2.454326;0.019559;0.000544;0.000000;0.000062;1.000000;0.000000;1.000000
all_ages;Black or African American;2;50;6;44;70287.612272;1597.445733;Uncorrelated;0;NA;NA;NA;4.335575;0.044299;97.870737;0.000000;-0.003026;0.003330;-0.908640;0.368725;NA;NA;NA;NA;0.001962;0.000000;0.001851;1.000000;0.000000;1.000000
all_ages;Black or African American;2;50;6;44;70287.612272;1597.445733;Uncorrelated;1;23;16;27;2.807762;1.098223;2.556642;0.014273;0.063401;0.043018;1.473839;0.147981;0.066427;0.043146;1.539570;0.131166;0.000011;0.000000;0.016047;1.000000;0.000000;1.000000
all_ages;Black or African American;2;50;6;44;70287.612272;1597.445733;Uncorrelated;2;28;25;32;4.763221;0.126676;37.601656;0.000000;-0.006437;0.003161;-2.036112;0.048078;-0.069838;0.043134;-1.619106;0.112910;1.206094;0.000000;0.000010;1.000000;0.000000;1.000000
all_ages;hispanic;5;50;12;38;59725.645691;1571.727518;Uncorrelated;0;NA;NA;NA;3.794336;0.043271;87.687809;0.000000;-0.001368;0.002962;-0.461789;0.647262;NA;NA;NA;NA;0.001872;0.000000;21.507040;1.000000;0.000000;1.000000
all_ages;hispanic;5;50;12;38;59725.645691;1571.727518;Uncorrelated;1;25;3;28;0.217595;3.595490;0.060519;0.952107;0.141702;0.135641;1.044687;0.303760;0.143070;0.135673;1.054519;0.299305;0.000009;0.000000;0.017061;1.000000;0.000000;1.000000
all_ages;hispanic;5;50;12;38;59725.645691;1571.727518;Uncorrelated;2;28;17;35;5.039414;0.911549;5.528406;0.000004;-0.030506;0.029359;-1.039051;0.306335;-0.172208;0.138782;-1.240855;0.223409;12.927547;0.000000;24.168240;1.000000;0.000000;1.000000
all_ages;hispanic;5;50;12;38;59725.645691;1571.727518;Uncorrelated;3;34;31;38;-1.990808;4.637568;-0.429279;0.670510;0.176265;0.130620;1.349456;0.186377;0.206771;0.133878;1.544470;0.132011;0.018398;0.000000;0.016300;1.000000;0.000000;1.000000
all_ages;hispanic;5;50;12;38;59725.645691;1571.727518;Uncorrelated;4;37;35;42;12.910658;4.916120;2.626188;0.012990;-0.226477;0.127671;-1.773916;0.085306;-0.402742;0.182651;-2.204987;0.034533;0.830922;0.000000;0.204962;1.000000;0.000000;1.000000
all_ages;hispanic;5;50;12;38;59725.645691;1571.727518;Uncorrelated;5;40;39;48;2.544733;0.452728;5.620890;0.000003;0.032671;0.009955;3.281971;0.002440;0.259148;0.128058;2.023675;0.051163;0.000862;0.000000;0.000099;1.000000;0.000000;1.000000
all_ages;More than one race;3;50;8;42;316.473200;7.535076;Uncorrelated;0;NA;NA;NA;3.377886;0.036204;93.301703;0.000000;-0.004709;0.002811;-1.675090;0.101918;NA;NA;NA;NA;0.001311;0.000000;14.187166;1.000000;0.000000;1.000000
all_ages;More than one race;3;50;8;42;316.473200;7.535076;Uncorrelated;1;22;14;35;2.805525;0.143237;19.586604;0.000000;0.021307;0.004785;4.452819;0.000069;0.026016;0.005550;4.687791;0.000033;0.000008;0.000000;0.009567;1.000000;0.000000;1.000000
all_ages;More than one race;3;50;8;42;316.473200;7.535076;Uncorrelated;2;37;34;39;5.850629;3.766585;1.553298;0.128430;-0.060993;0.097813;-0.623565;0.536543;-0.082300;0.097930;-0.840398;0.405808;0.020517;0.000000;0.118185;1.000000;0.000000;1.000000
all_ages;More than one race;3;50;8;42;316.473200;7.535076;Uncorrelated;3;40;38;44;2.698463;0.343780;7.849393;0.000000;0.017811;0.007561;2.355658;0.023613;0.078804;0.098105;0.803265;0.426690;0.000023;0.000000;0.000057;1.000000;0.000000;1.000000
all_ages;Native Hawaiian or Other Pacific Islander;4;50;10;40;9.375250;0.234381;Uncorrelated;0;NA;NA;NA;4.081188;0.048897;83.465256;0.000000;-0.004816;0.003965;-1.214644;0.232409;NA;NA;NA;NA;0.002391;0.000000;0.003953;1.000000;0.000000;1.000000
all_ages;Native Hawaiian or Other Pacific Islander;4;50;10;40;9.375250;0.234381;Uncorrelated;1;21;9;35;3.420808;0.163712;20.895332;0.000000;0.026631;0.005541;4.805764;0.000027;0.031447;0.006814;4.615211;0.000048;0.000016;0.000000;26.150168;1.000000;0.000000;1.000000
all_ages;Native Hawaiian or Other Pacific Islander;4;50;10;40;9.375250;0.234381;Uncorrelated;2;37;32;40;7.508326;2.452702;3.061246;0.004152;-0.083842;0.062873;-1.333516;0.190739;-0.110473;0.063117;-1.750297;0.088587;0.026801;0.000000;0.014486;1.000000;0.000000;1.000000
all_ages;Native Hawaiian or Other Pacific Islander;4;50;10;40;9.375250;0.234381;Uncorrelated;3;41;35;43;-1.402179;5.113724;-0.274199;0.785499;0.133487;0.120358;1.109087;0.274747;0.217329;0.135790;1.600479;0.118233;0.000031;0.000000;1.025033;1.000000;0.000000;1.000000
all_ages;Native Hawaiian or Other Pacific Islander;4;50;10;40;9.375250;0.234381;Uncorrelated;4;44;39;48;5.480344;1.012439;5.413011;0.000004;-0.022934;0.021351;-1.074144;0.289905;-0.156421;0.122237;-1.279657;0.208851;6.015749;0.000000;0.000456;1.000000;0.000000;1.000000
all_ages;White;0;50;2;48;3050278.090656;63547.460222;Uncorrelated;0;NA;NA;NA;4.087023;0.026429;154.640622;0.000000;0.004050;0.000900;4.500594;0.000043;NA;NA;NA;NA;0.000699;-0.000021;0.000001;1.000000;-0.871485;1.000000
under65;American Indian or Alaska Native;4;50;10;40;164.874779;4.121869;Uncorrelated;0;NA;NA;NA;3.486026;0.032693;106.629582;0.000000;0.000234;0.002499;0.093789;0.925796;NA;NA;NA;NA;0.001069;0.000000;0.011121;1.000000;0.000000;1.000000
under65;American Indian or Alaska Native;4;50;10;40;164.874779;4.121869;Uncorrelated;1;23;18;28;2.525994;0.165456;15.266831;0.000000;0.041975;0.005478;7.662487;0.000000;0.041741;0.006021;6.932174;0.000000;0.000006;0.000000;2.048730;1.000000;0.000000;1.000000
under65;American Indian or Alaska Native;4;50;10;40;164.874779;4.121869;Uncorrelated;2;37;29;38;8.705496;4.060430;2.143984;0.038861;-0.125039;0.105457;-1.185686;0.243514;-0.167014;0.105599;-1.581583;0.122492;0.027376;0.000000;0.001135;1.000000;0.000000;1.000000
under65;American Indian or Alaska Native;4;50;10;40;164.874779;4.121869;Uncorrelated;3;40;38;44;0.290641;1.431339;0.203056;0.840235;0.085333;0.033683;2.533427;0.015793;0.210371;0.110705;1.900283;0.065428;0.000030;0.000000;1.278156;1.000000;0.000000;1.000000
under65;American Indian or Alaska Native;4;50;10;40;164.874779;4.121869;Uncorrelated;4;45;43;48;7.502116;1.130555;6.635778;0.000000;-0.074922;0.023531;-3.183996;0.002993;-0.160255;0.041088;-3.900281;0.000403;16.487088;0.000000;0.000554;1.000000;0.000000;1.000000
under65;Asian;6;50;14;36;9720.955366;270.026538;Uncorrelated;0;NA;NA;NA;2.031092;0.025392;79.988271;0.000000;-0.000515;0.001765;-0.292014;0.772286;NA;NA;NA;NA;0.000645;0.000000;0.001605;1.000000;0.000000;1.000000
under65;Asian;6;50;14;36;9720.955366;270.026538;Uncorrelated;1;25;3;27;-0.718977;2.190830;-0.328175;0.745059;0.109487;0.082647;1.324760;0.195254;0.110003;0.082666;1.330692;0.193317;0.000003;0.000000;0.992682;1.000000;0.000000;1.000000
under65;Asian;6;50;14;36;9720.955366;270.026538;Uncorrelated;2;28;20;31;3.953872;0.786219;5.028969;0.000021;-0.057400;0.025755;-2.228690;0.033476;-0.166887;0.086567;-1.927841;0.063389;4.799738;0.000000;0.000636;1.000000;0.000000;1.000000
under65;Asian;6;50;14;36;9720.955366;270.026538;Uncorrelated;3;33;27;35;-1.290728;1.402841;-0.920081;0.364870;0.101527;0.040060;2.534385;0.016720;0.158927;0.047625;3.337071;0.002269;0.006831;0.000000;12.272762;1.000000;0.000000;1.000000
under65;Asian;6;50;14;36;9720.955366;270.026538;Uncorrelated;4;37;30;39;5.468624;0.996334;5.488744;0.000006;-0.081158;0.025216;-3.218553;0.003087;-0.182685;0.047335;-3.859389;0.000561;0.618141;0.000000;0.006484;1.000000;0.000000;1.000000
under65;Asian;6;50;14;36;9720.955366;270.026538;Uncorrelated;5;42;35;44;-1.392240;3.503250;-0.397414;0.693876;0.082196;0.080522;1.020784;0.315518;0.163354;0.084378;1.935973;0.062343;0.000663;0.000000;0.747132;1.000000;0.000000;1.000000
under65;Asian;6;50;14;36;9720.955366;270.026538;Uncorrelated;6;45;39;48;3.878896;0.864368;4.487551;0.000099;-0.034940;0.017994;-1.941800;0.061604;-0.117136;0.082508;-1.419691;0.166006;1.967964;0.000000;0.000324;1.000000;0.000000;1.000000
under65;Black or African American;4;50;10;40;59704.880721;1492.622018;Uncorrelated;0;NA;NA;NA;3.373581;0.029794;113.229651;0.000000;0.000385;0.002085;0.184483;0.854670;NA;NA;NA;NA;0.000888;0.000000;0.000028;1.000000;0.000000;1.000000
under65;Black or African American;4;50;10;40;59704.880721;1492.622018;Uncorrelated;1;25;3;27;0.985817;2.640115;0.373399;0.711041;0.095895;0.099612;0.962690;0.342125;0.095511;0.099634;0.958618;0.344146;0.000004;0.000000;19.331175;1.000000;0.000000;1.000000
under65;Black or African American;4;50;10;40;59704.880721;1492.622018;Uncorrelated;2;28;19;38;3.779726;0.184931;20.438521;0.000000;-0.003887;0.005253;-0.740013;0.464091;-0.099782;0.099750;-1.000323;0.323831;6.970206;0.000000;0.010216;1.000000;0.000000;1.000000
under65;Black or African American;4;50;10;40;59704.880721;1492.622018;Uncorrelated;3;42;26;45;0.965735;4.396723;0.219649;0.827385;0.063113;0.101076;0.624407;0.536298;0.067000;0.101213;0.661971;0.512205;0.009923;0.000000;1.160440;1.000000;0.000000;1.000000
under65;Black or African American;4;50;10;40;59704.880721;1492.622018;Uncorrelated;4;45;42;48;7.030581;1.077237;6.526491;0.000000;-0.071662;0.022429;-3.195013;0.002906;-0.134774;0.103535;-1.301730;0.201277;0.034200;0.000000;0.000503;1.000000;0.000000;1.000000
under65;hispanic;6;50;14;36;117281.644948;3257.823471;Uncorrelated;0;NA;NA;NA;2.577407;0.035991;71.612844;0.000000;0.001865;0.002492;0.748325;0.460091;NA;NA;NA;NA;0.001295;0.000000;0.013420;1.000000;0.000000;1.000000
under65;hispanic;6;50;14;36;117281.644948;3257.823471;Uncorrelated;1;25;17;28;0.487653;0.731350;0.666784;0.510006;0.085455;0.026086;3.275887;0.002661;0.083590;0.026205;3.189875;0.003324;0.000006;0.000000;19.565876;1.000000;0.000000;1.000000
under65;hispanic;6;50;14;36;117281.644948;3257.823471;Uncorrelated;2;31;27;32;6.263594;3.768987;1.661877;0.106953;-0.100866;0.115944;-0.869948;0.391236;-0.186321;0.118843;-1.567792;0.127418;0.534873;0.000000;0.013197;1.000000;0.000000;1.000000
under65;hispanic;6;50;14;36;117281.644948;3257.823471;Uncorrelated;3;34;32;35;-3.256708;4.112680;-0.791870;0.434653;0.179143;0.115844;1.546418;0.132489;0.280009;0.163899;1.708421;0.097887;0.000680;0.000000;2.368471;1.000000;0.000000;1.000000
under65;hispanic;6;50;14;36;117281.644948;3257.823471;Uncorrelated;4;37;35;38;10.970123;4.423333;2.480058;0.018974;-0.205366;0.114876;-1.787714;0.083929;-0.384509;0.163145;-2.356851;0.025154;14.205263;0.000000;0.001311;1.000000;0.000000;1.000000
under65;hispanic;6;50;14;36;117281.644948;3257.823471;Uncorrelated;5;40;39;43;-0.712355;1.538984;-0.462874;0.646795;0.086696;0.036209;2.394357;0.023102;0.292062;0.120447;2.424808;0.021549;0.013443;0.000000;1.545423;1.000000;0.000000;1.000000
under65;hispanic;6;50;14;36;117281.644948;3257.823471;Uncorrelated;6;45;42;48;5.779619;1.243150;4.649171;0.000063;-0.057570;0.025891;-2.223564;0.033855;-0.144266;0.044513;-3.240999;0.002913;16.914139;0.000000;0.000670;1.000000;0.000000;1.000000
under65;More than one race;0;50;2;48;1374.598955;28.637478;Uncorrelated;0;NA;NA;NA;2.288349;0.027737;82.502025;0.000000;0.008361;0.000937;8.924170;0.000000;NA;NA;NA;NA;0.000769;-0.000023;0.000001;1.000000;-0.875252;1.000000
under65;Native Hawaiian or Other Pacific Islander;2;50;6;44;38.950853;0.885247;Uncorrelated;0;NA;NA;NA;3.103589;0.042367;73.254585;0.000000;0.010653;0.001729;6.162163;0.000000;NA;NA;NA;NA;0.001795;0.000000;0.032997;1.000000;0.000000;1.000000
under65;Native Hawaiian or Other Pacific Islander;2;50;6;44;38.950853;0.885247;Uncorrelated;1;42;9;43;-3.109930;7.903485;-0.393488;0.695949;0.158594;0.181651;0.873072;0.387588;0.147941;0.181659;0.814387;0.420017;0.000003;0.000000;3.865391;1.000000;0.000000;1.000000
under65;Native Hawaiian or Other Pacific Islander;2;50;6;44;38.950853;0.885247;Uncorrelated;2;45;43;48;9.828958;1.966060;4.999318;0.000011;-0.128936;0.040950;-3.148617;0.003017;-0.287531;0.186209;-1.544125;0.130060;62.465076;0.000000;0.001677;1.000000;0.000000;1.000000
under65;White;2;50;6;44;887880.034051;20179.091683;Uncorrelated;0;NA;NA;NA;2.975043;0.025877;114.970646;0.000000;-0.001568;0.002278;-0.688346;0.495020;NA;NA;NA;NA;0.000670;0.000000;0.000002;1.000000;0.000000;1.000000
under65;White;2;50;6;44;887880.034051;20179.091683;Uncorrelated;1;20;9;43;2.726457;0.047833;56.999609;0.000000;0.010861;0.001376;7.893969;0.000000;0.012429;0.002662;4.669816;0.000031;0.000005;0.000000;14.694153;1.000000;0.000000;1.000000
under65;White;2;50;6;44;887880.034051;20179.091683;Uncorrelated;2;48;43;48;8.555472;3.833295;2.231884;0.031014;-0.110577;0.077438;-1.427932;0.160706;-0.121438;0.077451;-1.567937;0.124400;0.002288;0.000000;0.005997;1.000000;0.000000;1.000000
