"age_grp";"race";"month_from_start";"rr";"Model";"Standard Error";"Flag";"APC";"Joinpoints";"Final Selected Model"
65andup;aian;1;0.853857802;0.840364139;0.003594195;NA;-0.175323767;4;4
65andup;aian;2;0.789910998;0.838890781;0.003814781;NA;-0.175323767;4;4
65andup;aian;3;0.877792901;0.837420006;0.003950654;NA;-0.175323767;4;4
65andup;aian;4;0.814535580;0.835951810;0.003918231;NA;-0.175323767;4;4
65andup;aian;5;0.826034082;0.834486187;0.003992145;NA;-0.175323767;4;4
65andup;aian;6;0.854847787;0.833023135;0.004166548;NA;-0.175323767;4;4
65andup;aian;7;0.896014773;0.831562647;0.004223728;NA;-0.175323767;4;4
65andup;aian;8;0.780770729;0.830104720;0.003904520;NA;-0.175323767;4;4
65andup;aian;9;0.848545051;0.828649349;0.004139539;NA;-0.175323767;4;4
65andup;aian;10;0.768128246;0.827196530;0.003749923;NA;-0.175323767;4;4
65andup;aian;11;0.817221364;0.825746258;0.003905416;NA;-0.175323767;4;4
65andup;aian;12;0.822725403;0.824298529;0.003786155;NA;-0.175323767;4;4
65andup;aian;13;0.843648524;0.822853337;0.003743929;NA;-0.175323767;4;4
65andup;aian;14;0.852433091;0.821410680;0.003934555;NA;-0.175323767;4;4
65andup;aian;15;0.793566800;0.819970552;0.003635636;NA;-0.175323767;4;4
65andup;aian;16;0.859372920;0.818532948;0.003923470;NA;-0.175323767;4;4
65andup;aian;17;0.812459677;0.817097866;0.003838175;NA;-0.175323767;4;4
65andup;aian;18;0.796014689;0.815665299;0.003884407;NA;-0.175323767;4;4
65andup;aian;19;0.791236722;0.814235244;0.003871787;NA;-0.175323767;4;4
65andup;aian;20;0.783226993;0.812807696;0.003847778;NA;-0.175323767;4;4
65andup;aian;21;0.822445028;0.811382651;0.003957970;NA;-0.175323767;4;4
65andup;aian;22;0.820748022;0.809960104;0.003790040;NA;-0.175323767;4;4
65andup;aian;23;0.801784343;0.808540052;0.003755063;NA;-0.175323767;4;4
65andup;aian;24;0.776099630;0.807122489;0.003542491;NA;-0.175323767;4;4
65andup;aian;25;0.854529159;0.805707411;0.003673379;NA;-0.175323767;4;4
65andup;aian;26;0.789340474;0.804294815;0.003646514;Joinpoint 1;NA;4;4
65andup;aian;27;0.806183370;0.825783683;0.003535894;NA;2.671765145*;4;4
65andup;aian;28;0.823700523;0.847846684;0.003371842;NA;2.671765145*;4;4
65andup;aian;29;0.917279361;0.870499156;0.003772915;NA;2.671765145*;4;4
65andup;aian;30;0.972865339;0.893756849;0.004106237;NA;2.671765145*;4;4
65andup;aian;31;0.908855149;0.917635933;0.003769647;NA;2.671765145*;4;4
65andup;aian;32;0.914157771;0.942153010;0.003769969;NA;2.671765145*;4;4
65andup;aian;33;0.915055107;0.967325126;0.003848315;NA;2.671765145*;4;4
65andup;aian;34;0.985570328;0.993169781;0.003824888;NA;2.671765145*;4;4
65andup;aian;35;1.028472920;1.019704945;0.003654093;NA;2.671765145*;4;4
65andup;aian;36;1.052088256;1.046949067;0.003372382;Joinpoint 2;NA;4;4
65andup;aian;37;0.996502537;0.980947932;0.003307324;NA;-6.304139927*;4;4
65andup;aian;38;0.909779354;0.919107602;0.003636690;NA;-6.304139927*;4;4
65andup;aian;39;0.845440921;0.861165773;0.003618021;NA;-6.304139927*;4;4
65andup;aian;40;0.818464881;0.806876678;0.003628224;Joinpoint 3;NA;4;4
65andup;aian;41;0.820685257;0.826442131;0.003612859;NA;2.424838107*;4;4
65andup;aian;42;0.868798658;0.846482014;0.003810167;NA;2.424838107*;4;4
65andup;aian;43;0.838059641;0.867007833;0.003640064;NA;2.424838107*;4;4
65andup;aian;44;0.901504663;0.888031369;0.003557915;NA;2.424838107*;4;4
65andup;aian;45;0.906895083;0.909564692;0.003525175;NA;2.424838107*;4;4
65andup;aian;46;0.935759860;0.931620163;0.003583015;Joinpoint 4;NA;4;4
65andup;aian;47;0.914239983;0.904028180;0.003629105;NA;-2.961720292;4;4
65andup;aian;48;0.853952053;0.877253394;0.003391249;NA;-2.961720292;4;4
65andup;aian;49;0.853235182;0.851271602;0.003115442;NA;-2.961720292;4;4
65andup;aian;50;0.834210832;0.826059318;0.003538773;NA;-2.961720292;4;4
65andup;asian;1;0.559728783;0.557974154;0.000988459;NA;-0.136636300;5;5
65andup;asian;2;0.549845590;0.557211758;0.001079429;NA;-0.136636300;5;5
65andup;asian;3;0.571390944;0.556450405;0.001080154;NA;-0.136636300;5;5
65andup;asian;4;0.548345302;0.555690092;0.001086428;NA;-0.136636300;5;5
65andup;asian;5;0.558691241;0.554930817;0.001117765;NA;-0.136636300;5;5
65andup;asian;6;0.551667337;0.554172580;0.001134614;NA;-0.136636300;5;5
65andup;asian;7;0.556650258;0.553415379;0.001127344;NA;-0.136636300;5;5
65andup;asian;8;0.539101446;0.552659213;0.001108610;NA;-0.136636300;5;5
65andup;asian;9;0.545545106;0.551904080;0.001124610;NA;-0.136636300;5;5
65andup;asian;10;0.537942980;0.551149979;0.001068340;NA;-0.136636300;5;5
65andup;asian;11;0.559835019;0.550396908;0.001090536;NA;-0.136636300;5;5
65andup;asian;12;0.558067066;0.549644866;0.001049553;NA;-0.136636300;5;5
65andup;asian;13;0.545756033;0.548893851;0.001017335;NA;-0.136636300;5;5
65andup;asian;14;0.571907638;0.548143863;0.001095420;NA;-0.136636300;5;5
65andup;asian;15;0.567666525;0.547394900;0.001041231;NA;-0.136636300;5;5
65andup;asian;16;0.540268538;0.546646959;0.001055914;NA;-0.136636300;5;5
65andup;asian;17;0.533105813;0.545900041;0.001047708;NA;-0.136636300;5;5
65andup;asian;18;0.537840615;0.545154144;0.001079537;NA;-0.136636300;5;5
65andup;asian;19;0.538234933;0.544409265;0.001072070;NA;-0.136636300;5;5
65andup;asian;20;0.525764727;0.543665404;0.001060059;NA;-0.136636300;5;5
65andup;asian;21;0.524628425;0.542922560;0.001067852;NA;-0.136636300;5;5
65andup;asian;22;0.541082404;0.542180731;0.001044133;NA;-0.136636300;5;5
65andup;asian;23;0.553016377;0.541439915;0.001051068;NA;-0.136636300;5;5
65andup;asian;24;0.554602214;0.540700112;0.001013018;NA;-0.136636300;5;5
65andup;asian;25;0.566350508;0.539961319;0.001003727;Joinpoint 1;NA;5;5
65andup;asian;26;0.568905957;0.590114972;0.001048601;NA;9.288378895*;5;5
65andup;asian;27;0.604460707;0.644927087;0.001036049;NA;9.288378895*;5;5
65andup;asian;28;0.777996742;0.704830358;0.001111354;Joinpoint 2;NA;5;5
65andup;asian;29;0.627712336;0.665924570;0.001054460;NA;-5.519879799*;5;5
65andup;asian;30;0.590397010;0.629166334;0.001085779;NA;-5.519879799*;5;5
65andup;asian;31;0.571294966;0.594437109;0.001020146;NA;-5.519879799*;5;5
65andup;asian;32;0.581398004;0.561624895;0.001019602;NA;-5.519879799*;5;5
65andup;asian;33;0.556356584;0.530623876;0.001017589;NA;-5.519879799*;5;5
65andup;asian;34;0.523723517;0.501334075;0.000943887;Joinpoint 3;NA;5;5
65andup;asian;35;0.524248410;0.562556627;0.000889388;NA;12.211927121*;5;5
65andup;asian;36;0.629647527;0.631255633;0.000888726;NA;12.211927121*;5;5
65andup;asian;37;0.741002515;0.708344111;0.000976077;Joinpoint 4;NA;5;5
65andup;asian;38;0.678165055;0.672625876;0.001076912;NA;-5.042497555*;5;5
65andup;asian;39;0.629359469;0.638708733;0.001056090;NA;-5.042497555*;5;5
65andup;asian;40;0.572501299;0.606501860;0.001033841;NA;-5.042497555*;5;5
65andup;asian;41;0.552869379;0.575919019;0.001011502;NA;-5.042497555*;5;5
65andup;asian;42;0.531014257;0.546878317;0.001014797;NA;-5.042497555*;5;5
65andup;asian;43;0.540037076;0.519301991;0.000997581;NA;-5.042497555*;5;5
65andup;asian;44;0.512794111;0.493116201;0.000916915;Joinpoint 5;NA;5;5
65andup;asian;45;0.513111732;0.510427898;0.000907851;NA;3.510673029*;5;5
65andup;asian;46;0.531142067;0.528347353;0.000923862;NA;3.510673029*;5;5
65andup;asian;47;0.534474662;0.546895901;0.000942666;NA;3.510673029*;5;5
65andup;asian;48;0.552831683;0.566095627;0.000926921;NA;3.510673029*;5;5
65andup;asian;49;0.610835767;0.585969394;0.000896433;NA;3.510673029*;5;5
65andup;asian;50;0.593163355;0.606540863;0.001014364;NA;3.510673029*;5;5
65andup;black;1;1.064001281;1.082725970;0.001008518;NA;-0.101821678;4;4
65andup;black;2;1.077108356;1.081623520;0.001121390;NA;-0.101821678;4;4
65andup;black;3;1.066373357;1.080522193;0.001092547;NA;-0.101821678;4;4
65andup;black;4;1.050855165;1.079421987;0.001117459;NA;-0.101821678;4;4
65andup;black;5;1.070053808;1.078322901;0.001148284;NA;-0.101821678;4;4
65andup;black;6;1.085475187;1.077224935;0.001185799;NA;-0.101821678;4;4
65andup;black;7;1.087547581;1.076128086;0.001173137;NA;-0.101821678;4;4
65andup;black;8;1.102105921;1.075032355;0.001183205;NA;-0.101821678;4;4
65andup;black;9;1.094385571;1.073937739;0.001187587;NA;-0.101821678;4;4
65andup;black;10;1.078865813;1.072844237;0.001131389;NA;-0.101821678;4;4
65andup;black;11;1.082754144;1.071751849;0.001132026;NA;-0.101821678;4;4
65andup;black;12;1.087078034;1.070660573;0.001095813;NA;-0.101821678;4;4
65andup;black;13;1.066874696;1.069570409;0.001063676;NA;-0.101821678;4;4
65andup;black;14;1.066717380;1.068481354;0.001117639;NA;-0.101821678;4;4
65andup;black;15;1.070546865;1.067393409;0.001070824;NA;-0.101821678;4;4
65andup;black;16;1.055324112;1.066306571;0.001106518;NA;-0.101821678;4;4
65andup;black;17;1.061331281;1.065220839;0.001110735;NA;-0.101821678;4;4
65andup;black;18;1.069395823;1.064136214;0.001145418;NA;-0.101821678;4;4
65andup;black;19;1.071454538;1.063052692;0.001140636;NA;-0.101821678;4;4
65andup;black;20;1.070131783;1.061970274;0.001140670;NA;-0.101821678;4;4
65andup;black;21;1.083725294;1.060888958;0.001158573;NA;-0.101821678;4;4
65andup;black;22;1.070171699;1.059808743;0.001106380;NA;-0.101821678;4;4
65andup;black;23;1.087354268;1.058729628;0.001113376;NA;-0.101821678;4;4
65andup;black;24;1.082791457;1.057651612;0.001072561;NA;-0.101821678;4;4
65andup;black;25;1.062730960;1.056574693;0.001042097;Joinpoint 1;NA;4;4
65andup;black;26;1.077010983;1.183921809;0.001092352;NA;12.052826618*;4;4
65andup;black;27;1.188407669;1.326617852;0.001107931;NA;12.052826618*;4;4
65andup;black;28;1.667689461;1.486512802;0.001268481;Joinpoint 2;NA;4;4
65andup;black;29;1.348463757;1.406128245;0.001190076;NA;-5.407592615*;4;4
65andup;black;30;1.218220959;1.330090558;0.001192785;NA;-5.407592615*;4;4
65andup;black;31;1.264174673;1.258164679;0.001164745;NA;-5.407592615*;4;4
65andup;black;32;1.242695442;1.190128259;0.001144133;NA;-5.407592615*;4;4
65andup;black;33;1.141111346;1.125770971;0.001114711;NA;-5.407592615*;4;4
65andup;black;34;1.087609759;1.064893863;0.001039911;Joinpoint 3;NA;4;4
65andup;black;35;1.060397968;1.093399233;0.000966562;NA;2.676827331;4;4
65andup;black;36;1.099288541;1.122667643;0.000899110;NA;2.676827331;4;4
65andup;black;37;1.186006672;1.152719517;0.000945640;NA;2.676827331;4;4
65andup;black;38;1.242595374;1.183575828;0.001123058;Joinpoint 4;NA;4;4
65andup;black;39;1.152981925;1.169668451;0.001096732;NA;-1.175030520*;4;4
65andup;black;40;1.153111736;1.155924490;0.001128760;NA;-1.175030520*;4;4
65andup;black;41;1.130959739;1.142342024;0.001113170;NA;-1.175030520*;4;4
65andup;black;42;1.086114213;1.128919157;0.001114029;NA;-1.175030520*;4;4
65andup;black;43;1.087148730;1.115654012;0.001087674;NA;-1.175030520*;4;4
65andup;black;44;1.148389641;1.102544737;0.001053563;NA;-1.175030520*;4;4
65andup;black;45;1.098578021;1.089589500;0.001016384;NA;-1.175030520*;4;4
65andup;black;46;1.015787772;1.076786491;0.000973237;NA;-1.175030520*;4;4
65andup;black;47;1.010951739;1.064133921;0.000987879;NA;-1.175030520*;4;4
65andup;black;48;0.973516357;1.051630022;0.000934056;NA;-1.175030520*;4;4
65andup;black;49;1.180308407;1.039273049;0.000955805;NA;-1.175030520*;4;4
65andup;black;50;0.998805196;1.027061273;0.000999761;NA;-1.175030520*;4;4
65andup;hisp;1;0.707248222;0.709426672;0.000830291;NA;0.008644624;5;5
65andup;hisp;2;0.707877370;0.709487999;0.000915895;NA;0.008644624;5;5
65andup;hisp;3;0.714948090;0.709549331;0.000903686;NA;0.008644624;5;5
65andup;hisp;4;0.703490636;0.709610669;0.000922328;NA;0.008644624;5;5
65andup;hisp;5;0.707821120;0.709672012;0.000942363;NA;0.008644624;5;5
65andup;hisp;6;0.721173402;0.709733361;0.000974167;NA;0.008644624;5;5
65andup;hisp;7;0.711397637;0.709794715;0.000957038;NA;0.008644624;5;5
65andup;hisp;8;0.716501394;0.709856074;0.000960441;NA;0.008644624;5;5
65andup;hisp;9;0.704673180;0.709917438;0.000960287;NA;0.008644624;5;5
65andup;hisp;10;0.691213155;0.709978808;0.000911232;NA;0.008644624;5;5
65andup;hisp;11;0.705037224;0.710040183;0.000920184;NA;0.008644624;5;5
65andup;hisp;12;0.713204599;0.710101563;0.000892740;NA;0.008644624;5;5
65andup;hisp;13;0.721868815;0.710162949;0.000881186;NA;0.008644624;5;5
65andup;hisp;14;0.708317058;0.710224340;0.000917529;NA;0.008644624;5;5
65andup;hisp;15;0.712287143;0.710285736;0.000879282;NA;0.008644624;5;5
65andup;hisp;16;0.710946093;0.710347138;0.000915324;NA;0.008644624;5;5
65andup;hisp;17;0.724952962;0.710408544;0.000924220;NA;0.008644624;5;5
65andup;hisp;18;0.709444301;0.710469957;0.000938144;NA;0.008644624;5;5
65andup;hisp;19;0.713931236;0.710531374;0.000934905;NA;0.008644624;5;5
65andup;hisp;20;0.702430437;0.710592797;0.000927721;NA;0.008644624;5;5
65andup;hisp;21;0.706919477;0.710654225;0.000938870;NA;0.008644624;5;5
65andup;hisp;22;0.698255733;0.710715658;0.000896182;NA;0.008644624;5;5
65andup;hisp;23;0.702967887;0.710777097;0.000896628;NA;0.008644624;5;5
65andup;hisp;24;0.709480779;0.710838541;0.000867824;NA;0.008644624;5;5
65andup;hisp;25;0.723768654;0.710899990;0.000863144;Joinpoint 1;NA;5;5
65andup;hisp;26;0.724084108;0.758649574;0.000898846;NA;6.716779406*;5;5
65andup;hisp;27;0.752729425;0.809606393;0.000878294;NA;6.716779406*;5;5
65andup;hisp;28;1.029346104;0.863985868;0.000980885;NA;6.716779406*;5;5
65andup;hisp;29;0.863829871;0.922017893;0.000944292;NA;6.716779406*;5;5
65andup;hisp;30;0.858673328;0.983947801;0.000998995;NA;6.716779406*;5;5
65andup;hisp;31;1.091632490;1.050037404;0.001090364;Joinpoint 2;NA;5;5
65andup;hisp;32;0.953376619;0.930292754;0.001002215;NA;-11.403846132;5;5
65andup;hisp;33;0.800852761;0.824203600;0.000932806;NA;-11.403846132;5;5
65andup;hisp;34;0.749952520;0.730212690;0.000861262;Joinpoint 3;NA;5;5
65andup;hisp;35;0.816772507;0.830779232;0.000850284;NA;13.772226069;5;5
65andup;hisp;36;0.938438808;0.945196026;0.000832967;NA;13.772226069;5;5
65andup;hisp;37;1.077299894;1.075370560;0.000905546;Joinpoint 4;NA;5;5
65andup;hisp;38;0.965514246;0.950395147;0.000985835;NA;-11.621613710;5;5
65andup;hisp;39;0.835804678;0.839943895;0.000930475;NA;-11.621613710;5;5
65andup;hisp;40;0.776489742;0.742328860;0.000920619;Joinpoint 5;NA;5;5
65andup;hisp;41;0.751617958;0.749165133;0.000900149;NA;0.920922483;5;5
65andup;hisp;42;0.731716473;0.756064363;0.000910798;NA;0.920922483;5;5
65andup;hisp;43;0.735221152;0.763027130;0.000890257;NA;0.920922483;5;5
65andup;hisp;44;0.804764757;0.770054018;0.000879180;NA;0.920922483;5;5
65andup;hisp;45;0.794624169;0.777145619;0.000862471;NA;0.920922483;5;5
65andup;hisp;46;0.735681663;0.784302528;0.000828812;NA;0.920922483;5;5
65andup;hisp;47;0.752630039;0.791525346;0.000853472;NA;0.920922483;5;5
65andup;hisp;48;0.749716004;0.798814681;0.000823191;NA;0.920922483;5;5
65andup;hisp;49;0.873179291;0.806171145;0.000821503;NA;0.920922483;5;5
65andup;hisp;50;0.819621927;0.813595356;0.000911540;NA;0.920922483;5;5
65andup;multirace;1;0.402881621;0.407406824;0.002061417;NA;0.017699323;0;0
65andup;multirace;2;0.411426291;0.407478932;0.002292356;NA;0.017699323;0;0
65andup;multirace;3;0.448329785;0.407551053;0.002348192;NA;0.017699323;0;0
65andup;multirace;4;0.369444519;0.407623187;0.002179701;NA;0.017699323;0;0
65andup;multirace;5;0.442688054;0.407695334;0.002434500;NA;0.017699323;0;0
65andup;multirace;6;0.422094170;0.407767493;0.002428090;NA;0.017699323;0;0
65andup;multirace;7;0.412434329;0.407839665;0.002377472;NA;0.017699323;0;0
65andup;multirace;8;0.430377848;0.407911850;0.002425233;NA;0.017699323;0;0
65andup;multirace;9;0.421558704;0.407984048;0.002414311;NA;0.017699323;0;0
65andup;multirace;10;0.422782029;0.408056258;0.002320932;NA;0.017699323;0;0
65andup;multirace;11;0.407529405;0.408128481;0.002278037;NA;0.017699323;0;0
65andup;multirace;12;0.410811557;0.408200717;0.002207377;NA;0.017699323;0;0
65andup;multirace;13;0.364770941;0.408272966;0.002037756;NA;0.017699323;0;0
65andup;multirace;14;0.420575800;0.408345227;0.002284308;NA;0.017699323;0;0
65andup;multirace;15;0.413777937;0.408417502;0.002177969;NA;0.017699323;0;0
65andup;multirace;16;0.366331069;0.408489789;0.002125389;NA;0.017699323;0;0
65andup;multirace;17;0.411949017;0.408562089;0.002255028;NA;0.017699323;0;0
65andup;multirace;18;0.396231480;0.408634402;0.002254775;NA;0.017699323;0;0
65andup;multirace;19;0.416508684;0.408706727;0.002312496;NA;0.017699323;0;0
65andup;multirace;20;0.407070960;0.408779065;0.002295906;NA;0.017699323;0;0
65andup;multirace;21;0.403794002;0.408851417;0.002295151;NA;0.017699323;0;0
65andup;multirace;22;0.373101128;0.408923781;0.002115365;NA;0.017699323;0;0
65andup;multirace;23;0.382499391;0.408996157;0.002136385;NA;0.017699323;0;0
65andup;multirace;24;0.428774449;0.409068547;0.002189171;NA;0.017699323;0;0
65andup;multirace;25;0.388429220;0.409140949;0.002039685;NA;0.017699323;0;0
65andup;multirace;26;0.410361506;0.409213364;0.002180054;NA;0.017699323;0;0
65andup;multirace;27;0.386146068;0.409285792;0.002022138;NA;0.017699323;0;0
65andup;multirace;28;0.383473311;0.409358233;0.001892463;NA;0.017699323;0;0
65andup;multirace;29;0.391997385;0.409430687;0.002029851;NA;0.017699323;0;0
65andup;multirace;30;0.427696705;0.409503153;0.002261482;NA;0.017699323;0;0
65andup;multirace;31;0.411866843;0.409575633;0.002101554;NA;0.017699323;0;0
65andup;multirace;32;0.413778575;0.409648125;0.002104405;NA;0.017699323;0;0
65andup;multirace;33;0.425633893;0.409720630;0.002173046;NA;0.017699323;0;0
65andup;multirace;34;0.395089826;0.409793147;0.002008171;NA;0.017699323;0;0
65andup;multirace;35;0.381317987;0.409865678;0.001855185;NA;0.017699323;0;0
65andup;multirace;36;0.404488920;0.409938221;0.001732174;NA;0.017699323;0;0
65andup;multirace;37;0.436474946;0.410010778;0.001817629;NA;0.017699323;0;0
65andup;multirace;38;0.422604229;0.410083347;0.002067360;NA;0.017699323;0;0
65andup;multirace;39;0.411259076;0.410155929;0.002092751;NA;0.017699323;0;0
65andup;multirace;40;0.456019292;0.410228524;0.002263679;NA;0.017699323;0;0
65andup;multirace;41;0.430663668;0.410301131;0.002172675;NA;0.017699323;0;0
65andup;multirace;42;0.396740521;0.410373752;0.002127994;NA;0.017699323;0;0
65andup;multirace;43;0.417523776;0.410446385;0.002142077;NA;0.017699323;0;0
65andup;multirace;44;0.407351718;0.410519031;0.001998211;NA;0.017699323;0;0
65andup;multirace;45;0.407530099;0.410591691;0.001961841;NA;0.017699323;0;0
65andup;multirace;46;0.434984940;0.410664362;0.002038828;NA;0.017699323;0;0
65andup;multirace;47;0.413278709;0.410737047;0.002009648;NA;0.017699323;0;0
65andup;multirace;48;0.392580712;0.410809745;0.001901194;NA;0.017699323;0;0
65andup;multirace;49;0.408702595;0.410882456;0.001781056;NA;0.017699323;0;0
65andup;multirace;50;0.406792949;0.410955179;0.002057160;NA;0.017699323;0;0
65andup;nhopi;1;0.789108803;0.747769953;0.007786625;NA;0.275597527*;0;0
65andup;nhopi;2;0.684847070;0.749830789;0.007944903;NA;0.275597527*;0;0
65andup;nhopi;3;0.862556549;0.751897304;0.008733016;NA;0.275597527*;0;0
65andup;nhopi;4;0.840443638;0.753969514;0.009038437;NA;0.275597527*;0;0
65andup;nhopi;5;0.715074166;0.756047435;0.008347426;NA;0.275597527*;0;0
65andup;nhopi;6;0.802099594;0.758131083;0.009066142;NA;0.275597527*;0;0
65andup;nhopi;7;0.836276413;0.760220474;0.009111487;NA;0.275597527*;0;0
65andup;nhopi;8;0.687069181;0.762315623;0.008262218;NA;0.275597527*;0;0
65andup;nhopi;9;0.801331875;0.764416546;0.009090497;NA;0.275597527*;0;0
65andup;nhopi;10;0.756002312;0.766523259;0.008354105;NA;0.275597527*;0;0
65andup;nhopi;11;0.737150928;0.768635778;0.008264119;NA;0.275597527*;0;0
65andup;nhopi;12;0.741600899;0.770754119;0.007942003;NA;0.275597527*;0;0
65andup;nhopi;13;0.754498344;0.772878298;0.007789924;NA;0.275597527*;0;0
65andup;nhopi;14;0.778154270;0.775008332;0.008373813;NA;0.275597527*;0;0
65andup;nhopi;15;0.770421520;0.777144236;0.007906009;NA;0.275597527*;0;0
65andup;nhopi;16;0.840978486;0.779286026;0.008579794;NA;0.275597527*;0;0
65andup;nhopi;17;0.823482234;0.781433719;0.008530010;NA;0.275597527*;0;0
65andup;nhopi;18;0.753142491;0.783587331;0.008364497;NA;0.275597527*;0;0
65andup;nhopi;19;0.698622841;0.785746878;0.008048345;NA;0.275597527*;0;0
65andup;nhopi;20;0.720543738;0.787912377;0.008009079;NA;0.275597527*;0;0
65andup;nhopi;21;0.764556864;0.790083844;0.008318012;NA;0.275597527*;0;0
65andup;nhopi;22;0.787247893;0.792261296;0.008167351;NA;0.275597527*;0;0
65andup;nhopi;23;0.818160617;0.794444748;0.008354409;NA;0.275597527*;0;0
65andup;nhopi;24;0.667020467;0.796634218;0.007211015;NA;0.275597527*;0;0
65andup;nhopi;25;0.834115507;0.798829723;0.007890541;NA;0.275597527*;0;0
65andup;nhopi;26;0.873786886;0.801031278;0.008521641;NA;0.275597527*;0;0
65andup;nhopi;27;0.662608615;0.803238900;0.007019957;NA;0.275597527*;0;0
65andup;nhopi;28;0.739946893;0.805452606;0.007113571;NA;0.275597527*;0;0
65andup;nhopi;29;0.677291850;0.807672414;0.007129291;NA;0.275597527*;0;0
65andup;nhopi;30;0.842619994;0.809898339;0.008263170;NA;0.275597527*;0;0
65andup;nhopi;31;0.871241442;0.812130399;0.008148019;NA;0.275597527*;0;0
65andup;nhopi;32;0.839660937;0.814368610;0.007952240;NA;0.275597527*;0;0
65andup;nhopi;33;0.800393850;0.816612990;0.007843558;NA;0.275597527*;0;0
65andup;nhopi;34;0.756512045;0.818863555;0.007430430;NA;0.275597527*;0;0
65andup;nhopi;35;0.775934486;0.821120323;0.006965747;NA;0.275597527*;0;0
65andup;nhopi;36;0.856361915;0.823383310;0.006614766;NA;0.275597527*;0;0
65andup;nhopi;37;0.911136896;0.825652534;0.006955455;NA;0.275597527*;0;0
65andup;nhopi;38;0.887038319;0.827928012;0.007890858;NA;0.275597527*;0;0
65andup;nhopi;39;0.842124994;0.830209761;0.007831091;NA;0.275597527*;0;0
65andup;nhopi;40;0.895442193;0.832497799;0.008358112;NA;0.275597527*;0;0
65andup;nhopi;41;0.779477933;0.834792142;0.007771067;NA;0.275597527*;0;0
65andup;nhopi;42;0.782606810;0.837092809;0.007753991;NA;0.275597527*;0;0
65andup;nhopi;43;0.776739287;0.839399816;0.007729588;NA;0.275597527*;0;0
65andup;nhopi;44;0.871358486;0.841713181;0.007587909;NA;0.275597527*;0;0
65andup;nhopi;45;0.903393668;0.844032922;0.007723743;NA;0.275597527*;0;0
65andup;nhopi;46;0.775951046;0.846359055;0.007101063;NA;0.275597527*;0;0
65andup;nhopi;47;0.722291642;0.848691600;0.007077780;NA;0.275597527*;0;0
65andup;nhopi;48;0.893774921;0.851030573;0.007635363;NA;0.275597527*;0;0
65andup;nhopi;49;0.925394298;0.853375992;0.007117127;NA;0.275597527*;0;0
65andup;nhopi;50;0.920752593;0.855727876;0.008192885;NA;0.275597527*;0;0
all_ages;aian;1;1.028089107;1.066727636;0.025901228;NA;-0.040542159;5;5
all_ages;aian;2;1.019756066;1.066295161;0.028121602;NA;-0.040542159;5;5
all_ages;aian;3;1.098061559;1.065862862;0.028661086;NA;-0.040542159;5;5
all_ages;aian;4;1.043139626;1.065430738;0.028647600;NA;-0.040542159;5;5
all_ages;aian;5;1.083881178;1.064998790;0.029324614;NA;-0.040542159;5;5
all_ages;aian;6;1.082982316;1.064567016;0.029993288;NA;-0.040542159;5;5
all_ages;aian;7;1.142229093;1.064135418;0.030427156;NA;-0.040542159;5;5
all_ages;aian;8;1.053412450;1.063703994;0.028979402;NA;-0.040542159;5;5
all_ages;aian;9;1.070703517;1.063272746;0.029810069;NA;-0.040542159;5;5
all_ages;aian;10;1.016310736;1.062841672;0.027888654;NA;-0.040542159;5;5
all_ages;aian;11;1.043144370;1.062410773;0.028541797;NA;-0.040542159;5;5
all_ages;aian;12;1.068627573;1.061980049;0.028035293;NA;-0.040542159;5;5
all_ages;aian;13;1.094531113;1.061549499;0.027884883;NA;-0.040542159;5;5
all_ages;aian;14;1.080168063;1.061119124;0.028959329;NA;-0.040542159;5;5
all_ages;aian;15;1.050817169;1.060688923;0.027294209;NA;-0.040542159;5;5
all_ages;aian;16;1.081841589;1.060258897;0.028798402;NA;-0.040542159;5;5
all_ages;aian;17;1.069330436;1.059829045;0.028526978;NA;-0.040542159;5;5
all_ages;aian;18;1.037135522;1.059399368;0.028765889;NA;-0.040542159;5;5
all_ages;aian;19;1.062066779;1.058969864;0.028858045;NA;-0.040542159;5;5
all_ages;aian;20;1.039226242;1.058540535;0.028768962;NA;-0.040542159;5;5
all_ages;aian;21;1.062521081;1.058111380;0.029264787;NA;-0.040542159;5;5
all_ages;aian;22;1.064887245;1.057682399;0.028274741;NA;-0.040542159;5;5
all_ages;aian;23;1.054014190;1.057253591;0.028129751;NA;-0.040542159;5;5
all_ages;aian;24;1.034242707;1.056824958;0.026764478;NA;-0.040542159;5;5
all_ages;aian;25;1.093617747;1.056396498;0.027328135;NA;-0.040542159;5;5
all_ages;aian;26;1.043179258;1.055968212;0.027542518;NA;-0.040542159;5;5
all_ages;aian;27;1.063387434;1.055540100;0.026755117;Joinpoint 1;NA;5;5
all_ages;aian;28;1.089687594;1.138527190;0.025821928;NA;7.862049964*;5;5
all_ages;aian;29;1.240228536;1.228038767;0.028626892;NA;7.862049964*;5;5
all_ages;aian;30;1.376345728;1.324587788;0.031613441;Joinpoint 2;NA;5;5
all_ages;aian;31;1.354727161;1.328554831;0.029946813;NA;0.299492666;5;5
all_ages;aian;32;1.281987337;1.332533756;0.029180791;NA;0.299492666;5;5
all_ages;aian;33;1.263524415;1.336524596;0.029645527;NA;0.299492666;5;5
all_ages;aian;34;1.343592195;1.340527390;0.029579372;NA;0.299492666;5;5
all_ages;aian;35;1.369616352;1.344542171;0.028404603;NA;0.299492666;5;5
all_ages;aian;36;1.362769360;1.348568976;0.025981878;NA;0.299492666;5;5
all_ages;aian;37;1.371998126;1.352607841;0.026147941;Joinpoint 3;NA;5;5
all_ages;aian;38;1.269908253;1.286035397;0.028656743;NA;-4.921784585;5;5
all_ages;aian;39;1.179562784;1.222739505;0.027916035;NA;-4.921784585;5;5
all_ages;aian;40;1.159828780;1.162558901;0.028206465;Joinpoint 4;NA;5;5
all_ages;aian;41;1.208230770;1.192092649;0.028557188;NA;2.540408785*;5;5
all_ages;aian;42;1.254563713;1.222376675;0.029745876;NA;2.540408785*;5;5
all_ages;aian;43;1.227696419;1.253430040;0.028812289;NA;2.540408785*;5;5
all_ages;aian;44;1.330103374;1.285272287;0.028047901;NA;2.540408785*;5;5
all_ages;aian;45;1.308569741;1.317923457;0.027311744;NA;2.540408785*;5;5
all_ages;aian;46;1.337234325;1.351404100;0.028039914;Joinpoint 5;NA;5;5
all_ages;aian;47;1.281672058;1.287308338;0.028279205;NA;-4.742901227*;5;5
all_ages;aian;48;1.216374868;1.226252575;0.026768284;NA;-4.742901227*;5;5
all_ages;aian;49;1.169529736;1.168092627;0.024266034;NA;-4.742901227*;5;5
all_ages;aian;50;1.118362200;1.112691147;0.027412781;NA;-4.742901227*;5;5
all_ages;asian;1;0.516458041;0.513812251;0.006409840;NA;-0.118450757;5;5
all_ages;asian;2;0.503793422;0.513203636;0.006931417;NA;-0.118450757;5;5
all_ages;asian;3;0.528055740;0.512595743;0.006929429;NA;-0.118450757;5;5
all_ages;asian;4;0.506696462;0.511988569;0.006966739;NA;-0.118450757;5;5
all_ages;asian;5;0.510005864;0.511382115;0.007067511;NA;-0.118450757;5;5
all_ages;asian;6;0.505656821;0.510776379;0.007141510;NA;-0.118450757;5;5
all_ages;asian;7;0.505075196;0.510171360;0.007056196;NA;-0.118450757;5;5
all_ages;asian;8;0.498872979;0.509567058;0.007013381;NA;-0.118450757;5;5
all_ages;asian;9;0.502283476;0.508963472;0.007116946;NA;-0.118450757;5;5
all_ages;asian;10;0.497942365;0.508360601;0.006829967;NA;-0.118450757;5;5
all_ages;asian;11;0.522779408;0.507758444;0.007032814;NA;-0.118450757;5;5
all_ages;asian;12;0.517871684;0.507157001;0.006776495;NA;-0.118450757;5;5
all_ages;asian;13;0.507589979;0.506556269;0.006584726;NA;-0.118450757;5;5
all_ages;asian;14;0.532125611;0.505956250;0.007089532;NA;-0.118450757;5;5
all_ages;asian;15;0.517336963;0.505356941;0.006668265;NA;-0.118450757;5;5
all_ages;asian;16;0.504814393;0.504758341;0.006815098;NA;-0.118450757;5;5
all_ages;asian;17;0.492895574;0.504160451;0.006704829;NA;-0.118450757;5;5
all_ages;asian;18;0.497887888;0.503563270;0.006896220;NA;-0.118450757;5;5
all_ages;asian;19;0.492939043;0.502966795;0.006787261;NA;-0.118450757;5;5
all_ages;asian;20;0.489483612;0.502371027;0.006779763;NA;-0.118450757;5;5
all_ages;asian;21;0.488009666;0.501775965;0.006836522;NA;-0.118450757;5;5
all_ages;asian;22;0.499533587;0.501181607;0.006694437;NA;-0.118450757;5;5
all_ages;asian;23;0.504961021;0.500587954;0.006716943;NA;-0.118450757;5;5
all_ages;asian;24;0.516449301;0.499995004;0.006560386;NA;-0.118450757;5;5
all_ages;asian;25;0.516513457;0.499402756;0.006436993;Joinpoint 1;NA;5;5
all_ages;asian;26;0.527337337;0.543511432;0.006766323;NA;8.832285348*;5;5
all_ages;asian;27;0.557847441;0.591515913;0.006673988;NA;8.832285348*;5;5
all_ages;asian;28;0.720396145;0.643760286;0.007235326;Joinpoint 2;NA;5;5
all_ages;asian;29;0.573265563;0.608905800;0.006693083;NA;-5.414202592*;5;5
all_ages;asian;30;0.533631195;0.575938406;0.006783360;NA;-5.414202592*;5;5
all_ages;asian;31;0.514922523;0.544755934;0.006375431;NA;-5.414202592*;5;5
all_ages;asian;32;0.522932276;0.515261744;0.006393288;NA;-5.414202592*;5;5
all_ages;asian;33;0.512901670;0.487364430;0.006478889;NA;-5.414202592*;5;5
all_ages;asian;34;0.487934750;0.460977532;0.006087848;Joinpoint 3;NA;5;5
all_ages;asian;35;0.492950077;0.522069630;0.005838686;NA;13.252727930*;5;5
all_ages;asian;36;0.589470892;0.591258098;0.005877610;NA;13.252727930*;5;5
all_ages;asian;37;0.680857677;0.669615925;0.006359268;Joinpoint 4;NA;5;5
all_ages;asian;38;0.622804065;0.620130151;0.006909333;NA;-7.390172742*;5;5
all_ages;asian;39;0.568752943;0.574301462;0.006622294;NA;-7.390172742*;5;5
all_ages;asian;40;0.520766895;0.531859592;0.006462229;NA;-7.390172742*;5;5
all_ages;asian;41;0.506420319;0.492554249;0.006327203;NA;-7.390172742*;5;5
all_ages;asian;42;0.473155586;0.456153639;0.006248722;Joinpoint 5;NA;5;5
all_ages;asian;43;0.488519215;0.465409622;0.006206034;NA;2.029137150*;5;5
all_ages;asian;44;0.465242038;0.474853422;0.005651106;NA;2.029137150*;5;5
all_ages;asian;45;0.456079032;0.484488849;0.005512770;NA;2.029137150*;5;5
all_ages;asian;46;0.481733961;0.494319792;0.005764410;NA;2.029137150*;5;5
all_ages;asian;47;0.491111921;0.504350219;0.006001994;NA;2.029137150*;5;5
all_ages;asian;48;0.500859271;0.514584177;0.005878973;NA;2.029137150*;5;5
all_ages;asian;49;0.551643229;0.525025795;0.005730748;NA;2.029137150*;5;5
all_ages;asian;50;0.543567507;0.535679289;0.006579305;NA;2.029137150*;5;5
all_ages;black;1;1.179592714;1.196331269;0.007106612;NA;-0.030390853;4;4
all_ages;black;2;1.186618024;1.195967694;0.007832645;NA;-0.030390853;4;4
all_ages;black;3;1.183539393;1.195604229;0.007620270;NA;-0.030390853;4;4
all_ages;black;4;1.178949025;1.195240875;0.007834126;NA;-0.030390853;4;4
all_ages;black;5;1.192334555;1.194877631;0.007962388;NA;-0.030390853;4;4
all_ages;black;6;1.197723956;1.194514498;0.008132051;NA;-0.030390853;4;4
all_ages;black;7;1.204202490;1.194151474;0.008052709;NA;-0.030390853;4;4
all_ages;black;8;1.212845022;1.193788562;0.008111590;NA;-0.030390853;4;4
all_ages;black;9;1.211268009;1.193425759;0.008195447;NA;-0.030390853;4;4
all_ages;black;10;1.194873059;1.193063067;0.007856977;NA;-0.030390853;4;4
all_ages;black;11;1.206729099;1.192700485;0.007935993;NA;-0.030390853;4;4
all_ages;black;12;1.206044671;1.192338013;0.007680621;NA;-0.030390853;4;4
all_ages;black;13;1.184318384;1.191975651;0.007470830;NA;-0.030390853;4;4
all_ages;black;14;1.189474533;1.191613400;0.007872783;NA;-0.030390853;4;4
all_ages;black;15;1.189734489;1.191251258;0.007526995;NA;-0.030390853;4;4
all_ages;black;16;1.177939892;1.190889227;0.007765115;NA;-0.030390853;4;4
all_ages;black;17;1.195836582;1.190527305;0.007806093;NA;-0.030390853;4;4
all_ages;black;18;1.199936759;1.190165494;0.008008591;NA;-0.030390853;4;4
all_ages;black;19;1.205875731;1.189803793;0.007959181;NA;-0.030390853;4;4
all_ages;black;20;1.194789928;1.189442201;0.007944650;NA;-0.030390853;4;4
all_ages;black;21;1.205261930;1.189080719;0.008071008;NA;-0.030390853;4;4
all_ages;black;22;1.192004708;1.188719348;0.007757388;NA;-0.030390853;4;4
all_ages;black;23;1.217968253;1.188358086;0.007844681;NA;-0.030390853;4;4
all_ages;black;24;1.215123781;1.187996933;0.007588469;NA;-0.030390853;4;4
all_ages;black;25;1.193352201;1.187635891;0.007379332;Joinpoint 1;NA;4;4
all_ages;black;26;1.204184279;1.307769887;0.007705695;NA;10.115389435*;4;4
all_ages;black;27;1.313641207;1.440055903;0.007787732;NA;10.115389435*;4;4
all_ages;black;28;1.768672089;1.585723166;0.008861020;Joinpoint 2;NA;4;4
all_ages;black;29;1.467970787;1.523834699;0.008249613;NA;-3.902854451*;4;4
all_ages;black;30;1.369510478;1.464361649;0.008317020;NA;-3.902854451*;4;4
all_ages;black;31;1.420741397;1.407209745;0.008141013;NA;-3.902854451*;4;4
all_ages;black;32;1.379789109;1.352288397;0.007974540;NA;-3.902854451*;4;4
all_ages;black;33;1.291267321;1.299510549;0.007863329;NA;-3.902854451*;4;4
all_ages;black;34;1.248553449;1.248792543;0.007447241;NA;-3.902854451*;4;4
all_ages;black;35;1.209032850;1.200053988;0.006975350;Joinpoint 3;NA;4;4
all_ages;black;36;1.245095823;1.249479394;0.006529291;NA;4.118598488;4;4
all_ages;black;37;1.322360245;1.300940433;0.006783788;NA;4.118598488;4;4
all_ages;black;38;1.369911349;1.354520946;0.007900366;Joinpoint 4;NA;4;4
all_ages;black;39;1.297670891;1.337202958;0.007687032;NA;-1.278532307*;4;4
all_ages;black;40;1.324003728;1.320106386;0.007950864;NA;-1.278532307*;4;4
all_ages;black;41;1.303226987;1.303228400;0.007837922;NA;-1.278532307*;4;4
all_ages;black;42;1.248299048;1.286566203;0.007810223;NA;-1.278532307*;4;4
all_ages;black;43;1.264891252;1.270117039;0.007691199;NA;-1.278532307*;4;4
all_ages;black;44;1.338359725;1.253878182;0.007409178;NA;-1.278532307*;4;4
all_ages;black;45;1.269234553;1.237846945;0.007070141;NA;-1.278532307*;4;4
all_ages;black;46;1.171940878;1.222020671;0.006853991;NA;-1.278532307*;4;4
all_ages;black;47;1.143929430;1.206396742;0.006970225;NA;-1.278532307*;4;4
all_ages;black;48;1.101805943;1.190972570;0.006608858;NA;-1.278532307*;4;4
all_ages;black;49;1.299808790;1.175745601;0.006743260;NA;-1.278532307*;4;4
all_ages;black;50;1.118887820;1.160713314;0.007153646;NA;-1.278532307*;4;4
all_ages;hisp;1;0.705883007;0.701946924;0.005408922;NA;0.062853864;5;5
all_ages;hisp;2;0.701028872;0.702388125;0.005900382;NA;0.062853864;5;5
all_ages;hisp;3;0.706286036;0.702829603;0.005781090;NA;0.062853864;5;5
all_ages;hisp;4;0.696510102;0.703271359;0.005902245;NA;0.062853864;5;5
all_ages;hisp;5;0.704475547;0.703713392;0.005974406;NA;0.062853864;5;5
all_ages;hisp;6;0.712301289;0.704155703;0.006113825;NA;0.062853864;5;5
all_ages;hisp;7;0.706683206;0.704598292;0.006007508;NA;0.062853864;5;5
all_ages;hisp;8;0.707153784;0.705041159;0.006029306;NA;0.062853864;5;5
all_ages;hisp;9;0.698821901;0.705484305;0.006054455;NA;0.062853864;5;5
all_ages;hisp;10;0.684674228;0.705927729;0.005792128;NA;0.062853864;5;5
all_ages;hisp;11;0.703372451;0.706371432;0.005903660;NA;0.062853864;5;5
all_ages;hisp;12;0.710999212;0.706815414;0.005745862;NA;0.062853864;5;5
all_ages;hisp;13;0.718733326;0.707259674;0.005685867;NA;0.062853864;5;5
all_ages;hisp;14;0.707206705;0.707704214;0.005921995;NA;0.062853864;5;5
all_ages;hisp;15;0.710198849;0.708149034;0.005662958;NA;0.062853864;5;5
all_ages;hisp;16;0.706491617;0.708594133;0.005858771;NA;0.062853864;5;5
all_ages;hisp;17;0.713252955;0.709039512;0.005865769;NA;0.062853864;5;5
all_ages;hisp;18;0.712299292;0.709485171;0.005974505;NA;0.062853864;5;5
all_ages;hisp;19;0.710418967;0.709931109;0.005905875;NA;0.062853864;5;5
all_ages;hisp;20;0.707692771;0.710377328;0.005904833;NA;0.062853864;5;5
all_ages;hisp;21;0.711386586;0.710823828;0.005986283;NA;0.062853864;5;5
all_ages;hisp;22;0.697728854;0.711270608;0.005737351;NA;0.062853864;5;5
all_ages;hisp;23;0.704907847;0.711717669;0.005758429;NA;0.062853864;5;5
all_ages;hisp;24;0.717773815;0.712165011;0.005617512;NA;0.062853864;5;5
all_ages;hisp;25;0.723091190;0.712612635;0.005561460;Joinpoint 1;NA;5;5
all_ages;hisp;26;0.721341973;0.759305334;0.005772247;NA;6.552325560*;5;5
all_ages;hisp;27;0.750516762;0.809057492;0.005651977;NA;6.552325560*;5;5
all_ages;hisp;28;1.028661575;0.862069573;0.006430115;NA;6.552325560*;5;5
all_ages;hisp;29;0.869377658;0.918555178;0.006043508;NA;6.552325560*;5;5
all_ages;hisp;30;0.869214910;0.978741903;0.006325609;NA;6.552325560*;5;5
all_ages;hisp;31;1.074359849;1.042872259;0.006863026;Joinpoint 2;NA;5;5
all_ages;hisp;32;0.958746204;0.933901559;0.006385034;NA;-10.449093815;5;5
all_ages;hisp;33;0.811903380;0.836317309;0.005965441;NA;-10.449093815;5;5
all_ages;hisp;34;0.766223980;0.748929728;0.005577542;Joinpoint 3;NA;5;5
all_ages;hisp;35;0.837054689;0.851650197;0.005604510;NA;13.715635120*;5;5
all_ages;hisp;36;0.967952875;0.968459431;0.005585378;NA;13.715635120*;5;5
all_ages;hisp;37;1.107422181;1.101289793;0.006036601;Joinpoint 4;NA;5;5
all_ages;hisp;38;0.978928077;0.971845948;0.006401343;NA;-11.753840404;5;5
all_ages;hisp;39;0.837359928;0.857616726;0.005889361;NA;-11.753840404;5;5
all_ages;hisp;40;0.779919577;0.756813825;0.005775627;Joinpoint 5;NA;5;5
all_ages;hisp;41;0.760604653;0.764342542;0.005648648;NA;0.994791153;5;5
all_ages;hisp;42;0.746232459;0.771946154;0.005706115;NA;0.994791153;5;5
all_ages;hisp;43;0.751552185;0.779625406;0.005602230;NA;0.994791153;5;5
all_ages;hisp;44;0.835356586;0.787381051;0.005521105;NA;0.994791153;5;5
all_ages;hisp;45;0.831837673;0.795213848;0.005408649;NA;0.994791153;5;5
all_ages;hisp;46;0.773813611;0.803124565;0.005298675;NA;0.994791153;5;5
all_ages;hisp;47;0.780833794;0.811113977;0.005515059;NA;0.994791153;5;5
all_ages;hisp;48;0.776425420;0.819182867;0.005338733;NA;0.994791153;5;5
all_ages;hisp;49;0.874877402;0.827332026;0.005331101;NA;0.994791153;5;5
all_ages;hisp;50;0.827346636;0.835562251;0.005981117;NA;0.994791153;5;5
all_ages;multirace;1;0.440922691;0.444325166;0.013751609;NA;0.120712318*;0;0
all_ages;multirace;2;0.448107766;0.444861521;0.015146159;NA;0.120712318*;0;0
all_ages;multirace;3;0.479630311;0.445398524;0.015352138;NA;0.120712318*;0;0
all_ages;multirace;4;0.419006103;0.445936174;0.014512993;NA;0.120712318*;0;0
all_ages;multirace;5;0.482259015;0.446474474;0.015822059;NA;0.120712318*;0;0
all_ages;multirace;6;0.461769386;0.447013424;0.015687468;NA;0.120712318*;0;0
all_ages;multirace;7;0.454777951;0.447553024;0.015343982;NA;0.120712318*;0;0
all_ages;multirace;8;0.472685438;0.448093276;0.015665380;NA;0.120712318*;0;0
all_ages;multirace;9;0.452109002;0.448634180;0.015559938;NA;0.120712318*;0;0
all_ages;multirace;10;0.443993001;0.449175736;0.014955862;NA;0.120712318*;0;0
all_ages;multirace;11;0.451964850;0.449717947;0.015095756;NA;0.120712318*;0;0
all_ages;multirace;12;0.449441455;0.450260812;0.014584081;NA;0.120712318*;0;0
all_ages;multirace;13;0.418771682;0.450804332;0.013760185;NA;0.120712318*;0;0
all_ages;multirace;14;0.457360948;0.451348509;0.015119587;NA;0.120712318*;0;0
all_ages;multirace;15;0.458099705;0.451893342;0.014487627;NA;0.120712318*;0;0
all_ages;multirace;16;0.430814436;0.452438833;0.014379818;NA;0.120712318*;0;0
all_ages;multirace;17;0.456703965;0.452984982;0.014843582;NA;0.120712318*;0;0
all_ages;multirace;18;0.458235030;0.453531791;0.015025247;NA;0.120712318*;0;0
all_ages;multirace;19;0.448375747;0.454079260;0.014903636;NA;0.120712318*;0;0
all_ages;multirace;20;0.448928459;0.454627389;0.014988473;NA;0.120712318*;0;0
all_ages;multirace;21;0.460605972;0.455176180;0.015224010;NA;0.120712318*;0;0
all_ages;multirace;22;0.415936731;0.455725634;0.013991508;NA;0.120712318*;0;0
all_ages;multirace;23;0.417720325;0.456275751;0.014072979;NA;0.120712318*;0;0
all_ages;multirace;24;0.460888276;0.456826532;0.014375937;NA;0.120712318*;0;0
all_ages;multirace;25;0.439135256;0.457377978;0.013661605;NA;0.120712318*;0;0
all_ages;multirace;26;0.453681322;0.457930090;0.014459531;NA;0.120712318*;0;0
all_ages;multirace;27;0.435836472;0.458482868;0.013547908;NA;0.120712318*;0;0
all_ages;multirace;28;0.439261276;0.459036313;0.012933080;NA;0.120712318*;0;0
all_ages;multirace;29;0.458158347;0.459590426;0.013614418;NA;0.120712318*;0;0
all_ages;multirace;30;0.480160618;0.460145209;0.014743642;NA;0.120712318*;0;0
all_ages;multirace;31;0.473868800;0.460700660;0.013884528;NA;0.120712318*;0;0
all_ages;multirace;32;0.453075520;0.461256783;0.013687144;NA;0.120712318*;0;0
all_ages;multirace;33;0.462512542;0.461813577;0.014148163;NA;0.120712318*;0;0
all_ages;multirace;34;0.466534787;0.462371043;0.013631047;NA;0.120712318*;0;0
all_ages;multirace;35;0.432661423;0.462929181;0.012578663;NA;0.120712318*;0;0
all_ages;multirace;36;0.454797069;0.463487994;0.011910886;NA;0.120712318*;0;0
all_ages;multirace;37;0.492595446;0.464047481;0.012441671;NA;0.120712318*;0;0
all_ages;multirace;38;0.470110608;0.464607643;0.013786158;NA;0.120712318*;0;0
all_ages;multirace;39;0.466894422;0.465168482;0.013751791;NA;0.120712318*;0;0
all_ages;multirace;40;0.496064958;0.465729998;0.014548243;NA;0.120712318*;0;0
all_ages;multirace;41;0.482380956;0.466292191;0.014070495;NA;0.120712318*;0;0
all_ages;multirace;42;0.461002769;0.466855063;0.013970263;NA;0.120712318*;0;0
all_ages;multirace;43;0.485290660;0.467418615;0.014070366;NA;0.120712318*;0;0
all_ages;multirace;44;0.471321819;0.467982847;0.012983467;NA;0.120712318*;0;0
all_ages;multirace;45;0.468768309;0.468547760;0.012698620;NA;0.120712318*;0;0
all_ages;multirace;46;0.493178937;0.469113355;0.013323567;NA;0.120712318*;0;0
all_ages;multirace;47;0.471538383;0.469679632;0.013425663;NA;0.120712318*;0;0
all_ages;multirace;48;0.449180595;0.470246593;0.012743772;NA;0.120712318*;0;0
all_ages;multirace;49;0.462763643;0.470814239;0.012065945;NA;0.120712318*;0;0
all_ages;multirace;50;0.466432476;0.471382570;0.014097235;NA;0.120712318*;0;0
all_ages;nhopi;1;0.934739449;0.867190817;0.053769677;NA;0.493331509*;0;0
all_ages;nhopi;2;0.810436994;0.871468942;0.054629203;NA;0.493331509*;0;0
all_ages;nhopi;3;0.967341865;0.875768173;0.058447381;NA;0.493331509*;0;0
all_ages;nhopi;4;0.957568416;0.880088614;0.060683474;NA;0.493331509*;0;0
all_ages;nhopi;5;0.879057886;0.884430368;0.057140030;NA;0.493331509*;0;0
all_ages;nhopi;6;0.984619014;0.888793542;0.061568142;NA;0.493331509*;0;0
all_ages;nhopi;7;0.949072004;0.893178240;0.060180987;NA;0.493331509*;0;0
all_ages;nhopi;8;0.854709810;0.897584570;0.056859356;NA;0.493331509*;0;0
all_ages;nhopi;9;0.981101071;0.902012638;0.061831118;NA;0.493331509*;0;0
all_ages;nhopi;10;0.871950851;0.906462550;0.056138349;NA;0.493331509*;0;0
all_ages;nhopi;11;0.830686031;0.910934415;0.055457887;NA;0.493331509*;0;0
all_ages;nhopi;12;0.861785968;0.915428342;0.054197471;NA;0.493331509*;0;0
all_ages;nhopi;13;0.933324733;0.919944438;0.054687950;NA;0.493331509*;0;0
all_ages;nhopi;14;0.905119175;0.924482814;0.057294137;NA;0.493331509*;0;0
all_ages;nhopi;15;0.935844342;0.929043579;0.054955870;NA;0.493331509*;0;0
all_ages;nhopi;16;0.985062741;0.933626844;0.058727816;NA;0.493331509*;0;0
all_ages;nhopi;17;0.979009778;0.938232719;0.058485601;NA;0.493331509*;0;0
all_ages;nhopi;18;0.908907964;0.942861317;0.057576913;NA;0.493331509*;0;0
all_ages;nhopi;19;0.874258285;0.947512749;0.055495996;NA;0.493331509*;0;0
all_ages;nhopi;20;0.868463573;0.952187128;0.055163926;NA;0.493331509*;0;0
all_ages;nhopi;21;0.900395912;0.956884567;0.056716010;NA;0.493331509*;0;0
all_ages;nhopi;22;0.954843986;0.961605180;0.056718948;NA;0.493331509*;0;0
all_ages;nhopi;23;0.948470525;0.966349081;0.057005746;NA;0.493331509*;0;0
all_ages;nhopi;24;0.848957954;0.971116386;0.051482762;NA;0.493331509*;0;0
all_ages;nhopi;25;0.953599789;0.975907209;0.053726136;NA;0.493331509*;0;0
all_ages;nhopi;26;0.955057260;0.980721667;0.056851874;NA;0.493331509*;0;0
all_ages;nhopi;27;0.865860467;0.985559876;0.050474239;NA;0.493331509*;0;0
all_ages;nhopi;28;0.907489282;0.990421953;0.050277532;NA;0.493331509*;0;0
all_ages;nhopi;29;0.938405611;0.995308017;0.052179776;NA;0.493331509*;0;0
all_ages;nhopi;30;1.010143223;1.000218185;0.056449784;NA;0.493331509*;0;0
all_ages;nhopi;31;1.152008627;1.005152576;0.057924640;NA;0.493331509*;0;0
all_ages;nhopi;32;1.010782882;1.010111311;0.054433482;NA;0.493331509*;0;0
all_ages;nhopi;33;0.979081214;1.015094508;0.054483894;NA;0.493331509*;0;0
all_ages;nhopi;34;1.021011468;1.020102289;0.054090337;NA;0.493331509*;0;0
all_ages;nhopi;35;0.954745243;1.025134775;0.049676165;NA;0.493331509*;0;0
all_ages;nhopi;36;1.056882115;1.030192088;0.047852234;NA;0.493331509*;0;0
all_ages;nhopi;37;1.083152513;1.035274350;0.049130389;NA;0.493331509*;0;0
all_ages;nhopi;38;1.041231156;1.040381685;0.054554355;NA;0.493331509*;0;0
all_ages;nhopi;39;1.089660559;1.045514215;0.055546493;NA;0.493331509*;0;0
all_ages;nhopi;40;1.061433799;1.050672066;0.056644474;NA;0.493331509*;0;0
all_ages;nhopi;41;0.942473879;1.055855363;0.052728435;NA;0.493331509*;0;0
all_ages;nhopi;42;1.038191376;1.061064230;0.055396934;NA;0.493331509*;0;0
all_ages;nhopi;43;1.058093965;1.066298794;0.055466910;NA;0.493331509*;0;0
all_ages;nhopi;44;1.271567772;1.071559182;0.055743586;NA;0.493331509*;0;0
all_ages;nhopi;45;1.239310694;1.076845521;0.054817806;NA;0.493331509*;0;0
all_ages;nhopi;46;1.041054767;1.082157939;0.050922001;NA;0.493331509*;0;0
all_ages;nhopi;47;1.033938717;1.087496565;0.052791947;NA;0.493331509*;0;0
all_ages;nhopi;48;1.100335709;1.092861529;0.053466681;NA;0.493331509*;0;0
all_ages;nhopi;49;1.072489041;1.098252959;0.049348115;NA;0.493331509*;0;0
all_ages;nhopi;50;1.039036174;1.103670987;0.056512873;NA;0.493331509*;0;0
under65;aian;1;1.556223124;1.675121887;0.051594335;NA;0.157491773;5;5
under65;aian;2;1.681118910;1.677760066;0.057779610;NA;0.157491773;5;5
under65;aian;3;1.709569652;1.680402400;0.056663082;NA;0.157491773;5;5
under65;aian;4;1.675504597;1.683048896;0.057371779;NA;0.157491773;5;5
under65;aian;5;1.753767190;1.685699559;0.058127552;NA;0.157491773;5;5
under65;aian;6;1.651064743;1.688354397;0.056899593;NA;0.157491773;5;5
under65;aian;7;1.748998687;1.691013417;0.057648229;NA;0.157491773;5;5
under65;aian;8;1.732933723;1.693676624;0.057578064;NA;0.157491773;5;5
under65;aian;9;1.632554026;1.696344025;0.056813266;NA;0.157491773;5;5
under65;aian;10;1.672549385;1.699015627;0.056627125;NA;0.157491773;5;5
under65;aian;11;1.663094296;1.701691437;0.056991613;NA;0.157491773;5;5
under65;aian;12;1.754666775;1.704371461;0.057508194;NA;0.157491773;5;5
under65;aian;13;1.806118718;1.707055706;0.058047215;NA;0.157491773;5;5
under65;aian;14;1.723162178;1.709744178;0.059010989;NA;0.157491773;5;5
under65;aian;15;1.769282380;1.712436885;0.057243046;NA;0.157491773;5;5
under65;aian;16;1.686175913;1.715133832;0.057748022;NA;0.157491773;5;5
under65;aian;17;1.746735359;1.717835026;0.057828289;NA;0.157491773;5;5
under65;aian;18;1.657077744;1.720540475;0.057521927;NA;0.157491773;5;5
under65;aian;19;1.739596491;1.723250185;0.057741851;NA;0.157491773;5;5
under65;aian;20;1.688946701;1.725964162;0.058071334;NA;0.157491773;5;5
under65;aian;21;1.678641667;1.728682414;0.058352427;NA;0.157491773;5;5
under65;aian;22;1.715158118;1.731404946;0.057810749;NA;0.157491773;5;5
under65;aian;23;1.732129095;1.734131767;0.058051534;NA;0.157491773;5;5
under65;aian;24;1.744875205;1.736862882;0.056388422;NA;0.157491773;5;5
under65;aian;25;1.751468985;1.739598298;0.056229628;NA;0.157491773;5;5
under65;aian;26;1.732632575;1.742338022;0.057722486;NA;0.157491773;5;5
under65;aian;27;1.764048337;1.745082061;0.056276011;Joinpoint 1;NA;5;5
under65;aian;28;1.875119551;1.902182362;0.056932440;NA;9.002459250;5;5
under65;aian;29;2.060369710;2.073425554;0.058991086;NA;9.002459250;5;5
under65;aian;30;2.329886962;2.260084845;0.064588083;Joinpoint 2;NA;5;5
under65;aian;31;2.419031269;2.275577986;0.063485874;NA;0.685511455;5;5
under65;aian;32;2.183911277;2.291177333;0.060803420;NA;0.685511455;5;5
under65;aian;33;2.132647416;2.306883616;0.061831116;NA;0.685511455;5;5
under65;aian;34;2.288464901;2.322697568;0.063362025;NA;0.685511455;5;5
under65;aian;35;2.354775660;2.338619926;0.063470229;NA;0.685511455;5;5
under65;aian;36;2.331742279;2.354651433;0.059075000;NA;0.685511455;5;5
under65;aian;37;2.491454708;2.370792838;0.060577763;Joinpoint 3;NA;5;5
under65;aian;38;2.224319043;2.224364205;0.062872804;NA;-6.176357172;5;5
under65;aian;39;1.976432941;2.086979527;0.057324887;NA;-6.176357172;5;5
under65;aian;40;1.934851104;1.958080217;0.057273003;Joinpoint 4;NA;5;5
under65;aian;41;2.075811727;2.006702779;0.058620603;NA;2.483175159*;5;5
under65;aian;42;2.099964759;2.056532724;0.059843437;NA;2.483175159*;5;5
under65;aian;43;2.094968594;2.107600033;0.059079088;NA;2.483175159*;5;5
under65;aian;44;2.234348970;2.159935434;0.056082149;NA;2.483175159*;5;5
under65;aian;45;2.133149904;2.213570414;0.053188199;NA;2.483175159*;5;5
under65;aian;46;2.250316040;2.268537245;0.057385541;Joinpoint 5;NA;5;5
under65;aian;47;2.199227098;2.190634838;0.059798642;NA;-3.434036925*;5;5
under65;aian;48;2.146601265;2.115407629;0.058051073;NA;-3.434036925*;5;5
under65;aian;49;2.044485741;2.042763750;0.053404916;NA;-3.434036925*;5;5
under65;aian;50;1.948906022;1.972614488;0.061210772;NA;-3.434036925*;5;5
under65;asian;1;0.385294755;0.394112141;0.008958354;NA;-0.034336215;5;5
under65;asian;2;0.371281581;0.393976818;0.009481910;NA;-0.034336215;5;5
under65;asian;3;0.407748892;0.393841541;0.009615849;NA;-0.034336215;5;5
under65;asian;4;0.391487359;0.393706311;0.009666122;NA;-0.034336215;5;5
under65;asian;5;0.383521395;0.393571127;0.009493574;NA;-0.034336215;5;5
under65;asian;6;0.391085101;0.393435990;0.009605886;NA;-0.034336215;5;5
under65;asian;7;0.377973818;0.393300899;0.009318076;NA;-0.034336215;5;5
under65;asian;8;0.398609163;0.393165854;0.009625664;NA;-0.034336215;5;5
under65;asian;9;0.392872526;0.393030856;0.009718327;NA;-0.034336215;5;5
under65;asian;10;0.392173624;0.392895904;0.009543061;NA;-0.034336215;5;5
under65;asian;11;0.421095990;0.392760998;0.010039818;NA;-0.034336215;5;5
under65;asian;12;0.405731122;0.392626139;0.009656991;NA;-0.034336215;5;5
under65;asian;13;0.399338182;0.392491326;0.009421243;NA;-0.034336215;5;5
under65;asian;14;0.419803777;0.392356560;0.010157816;NA;-0.034336215;5;5
under65;asian;15;0.376773357;0.392221839;0.009146651;NA;-0.034336215;5;5
under65;asian;16;0.408503497;0.392087165;0.009799366;NA;-0.034336215;5;5
under65;asian;17;0.386855424;0.391952537;0.009416173;NA;-0.034336215;5;5
under65;asian;18;0.395166020;0.391817955;0.009710241;NA;-0.034336215;5;5
under65;asian;19;0.379623292;0.391683420;0.009323953;NA;-0.034336215;5;5
under65;asian;20;0.397402939;0.391548931;0.009633928;NA;-0.034336215;5;5
under65;asian;21;0.394032899;0.391414488;0.009714386;NA;-0.034336215;5;5
under65;asian;22;0.388867285;0.391280091;0.009434023;NA;-0.034336215;5;5
under65;asian;23;0.375765156;0.391145740;0.009295449;NA;-0.034336215;5;5
under65;asian;24;0.411419561;0.391011435;0.009515422;NA;-0.034336215;5;5
under65;asian;25;0.379387020;0.390877177;0.008949545;Joinpoint 1;NA;5;5
under65;asian;26;0.414432513;0.427640126;0.009715310;NA;9.405243272;5;5
under65;asian;27;0.430866192;0.467860720;0.009501524;NA;9.405243272;5;5
under65;asian;28;0.550307618;0.511864159;0.010426754;Joinpoint 2;NA;5;5
under65;asian;29;0.434996005;0.454193356;0.009222914;NA;-11.266818023*;5;5
under65;asian;30;0.399477101;0.403020217;0.009057624;NA;-11.266818023*;5;5
under65;asian;31;0.380360538;0.357612663;0.008486677;Joinpoint 3;NA;5;5
under65;asian;32;0.379573381;0.376582456;0.008517189;NA;5.304564316*;5;5
under65;asian;33;0.404520058;0.396558515;0.009100870;NA;5.304564316*;5;5
under65;asian;34;0.393482898;0.417594216;0.008812725;NA;5.304564316*;5;5
under65;asian;35;0.402566264;0.439745770;0.008811730;NA;5.304564316*;5;5
under65;asian;36;0.464165329;0.463072367;0.008923923;NA;5.304564316*;5;5
under65;asian;37;0.501549221;0.487636339;0.009154887;Joinpoint 4;NA;5;5
under65;asian;38;0.476086804;0.458095564;0.009770068;NA;-6.057951898*;5;5
under65;asian;39;0.424208281;0.430344355;0.008927733;NA;-6.057951898*;5;5
under65;asian;40;0.403310661;0.404274301;0.008779831;NA;-6.057951898*;5;5
under65;asian;41;0.402436868;0.379783558;0.008659125;NA;-6.057951898*;5;5
under65;asian;42;0.346358771;0.356776453;0.008168275;Joinpoint 5;NA;5;5
under65;asian;43;0.373848296;0.360351910;0.008355085;NA;1.002155975;5;5
under65;asian;44;0.364918002;0.363963198;0.007519825;NA;1.002155975;5;5
under65;asian;45;0.338999121;0.367610677;0.007062725;NA;1.002155975;5;5
under65;asian;46;0.369364080;0.371294709;0.007781178;NA;1.002155975;5;5
under65;asian;47;0.382826050;0.375015661;0.008428698;NA;1.002155975;5;5
under65;asian;48;0.367462289;0.378773903;0.008041687;NA;1.002155975;5;5
under65;asian;49;0.387900713;0.382569808;0.007826124;NA;1.002155975;5;5
under65;asian;50;0.398604190;0.386403755;0.009367398;NA;1.002155975;5;5
under65;black;1;1.529976175;1.505707122;0.013692162;NA;0.085087677;2;2
under65;black;2;1.501724310;1.506988293;0.014640513;NA;0.085087677;2;2
under65;black;3;1.508814809;1.508270554;0.014146405;NA;0.085087677;2;2
under65;black;4;1.533282520;1.509553907;0.014736027;NA;0.085087677;2;2
under65;black;5;1.510019582;1.510838351;0.014462132;NA;0.085087677;2;2
under65;black;6;1.477236897;1.512123888;0.014322095;NA;0.085087677;2;2
under65;black;7;1.491686385;1.513410519;0.014202435;NA;0.085087677;2;2
under65;black;8;1.488846707;1.514698245;0.014274911;NA;0.085087677;2;2
under65;black;9;1.506869873;1.515987067;0.014670683;NA;0.085087677;2;2
under65;black;10;1.501616852;1.517276985;0.014346465;NA;0.085087677;2;2
under65;black;11;1.546925813;1.518568001;0.014896934;NA;0.085087677;2;2
under65;black;12;1.537948114;1.519860115;0.014438136;NA;0.085087677;2;2
under65;black;13;1.517428277;1.521153329;0.014147768;NA;0.085087677;2;2
under65;black;14;1.536070957;1.522447643;0.015009806;NA;0.085087677;2;2
under65;black;15;1.522609274;1.523743058;0.014246518;NA;0.085087677;2;2
under65;black;16;1.511024659;1.525039575;0.014587753;NA;0.085087677;2;2
under65;black;17;1.550546295;1.526337196;0.014658611;NA;0.085087677;2;2
under65;black;18;1.535568636;1.527635921;0.014807592;NA;0.085087677;2;2
under65;black;19;1.542154334;1.528935751;0.014593038;NA;0.085087677;2;2
under65;black;20;1.511169556;1.530236687;0.014530316;NA;0.085087677;2;2
under65;black;21;1.517168187;1.531538730;0.014789258;NA;0.085087677;2;2
under65;black;22;1.516509947;1.532841881;0.014499979;NA;0.085087677;2;2
under65;black;23;1.569121342;1.534146140;0.014858438;NA;0.085087677;2;2
under65;black;24;1.579416524;1.535451509;0.014569800;NA;0.085087677;2;2
under65;black;25;1.552755992;1.536757989;0.014192185;Joinpoint 1;NA;2;2
under65;black;26;1.549600565;1.626892422;0.014654848;NA;5.865232741;2;2
under65;black;27;1.654795397;1.722313449;0.014697458;NA;5.865232741;2;2
under65;black;28;2.066863210;1.823331142;0.016594488;Joinpoint 2;NA;2;2
under65;black;29;1.771463236;1.808548977;0.014926565;NA;-0.810722965*;2;2
under65;black;30;1.727051508;1.793886655;0.015103515;NA;-0.810722965*;2;2
under65;black;31;1.794468841;1.779343204;0.014887581;NA;-0.810722965*;2;2
under65;black;32;1.715944959;1.764917660;0.014542478;NA;-0.810722965*;2;2
under65;black;33;1.665773796;1.750609068;0.014752390;NA;-0.810722965*;2;2
under65;black;34;1.673307670;1.736416478;0.014584289;NA;-0.810722965*;2;2
under65;black;35;1.638262975;1.722338951;0.014161366;NA;-0.810722965*;2;2
under65;black;36;1.699849285;1.708375553;0.013686966;NA;-0.810722965*;2;2
under65;black;37;1.728868094;1.694525360;0.013665345;NA;-0.810722965*;2;2
under65;black;38;1.707323152;1.680787454;0.014868046;NA;-0.810722965*;2;2
under65;black;39;1.642749533;1.667160924;0.014112026;NA;-0.810722965*;2;2
under65;black;40;1.711991763;1.653644868;0.014610576;NA;-0.810722965*;2;2
under65;black;41;1.688874038;1.640238389;0.014352114;NA;-0.810722965*;2;2
under65;black;42;1.603725824;1.626940600;0.014119057;NA;-0.810722965*;2;2
under65;black;43;1.660519059;1.613750619;0.014173328;NA;-0.810722965*;2;2
under65;black;44;1.739153303;1.600667572;0.013371585;NA;-0.810722965*;2;2
under65;black;45;1.619567809;1.587690592;0.012447169;NA;-0.810722965*;2;2
under65;black;46;1.527083131;1.574818820;0.012572706;NA;-0.810722965*;2;2
under65;black;47;1.476002646;1.562051402;0.013053006;NA;-0.810722965*;2;2
under65;black;48;1.431085321;1.549387493;0.012504091;NA;-0.810722965*;2;2
under65;black;49;1.630379066;1.536826253;0.012849158;NA;-0.810722965*;2;2
under65;black;50;1.469876388;1.524366849;0.014225652;NA;-0.810722965*;2;2
under65;hisp;1;0.701744735;0.681732072;0.007756834;NA;0.213084334;5;5
under65;hisp;2;0.681322808;0.683184736;0.008212040;NA;0.213084334;5;5
under65;hisp;3;0.682238512;0.684640495;0.007923356;NA;0.213084334;5;5
under65;hisp;4;0.677200538;0.686099357;0.008119348;NA;0.213084334;5;5
under65;hisp;5;0.695783757;0.687561327;0.008135036;NA;0.213084334;5;5
under65;hisp;6;0.690208660;0.689026413;0.008131458;NA;0.213084334;5;5
under65;hisp;7;0.695064980;0.690494620;0.008042991;NA;0.213084334;5;5
under65;hisp;8;0.683856177;0.691965956;0.008023807;NA;0.213084334;5;5
under65;hisp;9;0.684023707;0.693440427;0.008152076;NA;0.213084334;5;5
under65;hisp;10;0.667384141;0.694918040;0.007904379;NA;0.213084334;5;5
under65;hisp;11;0.698804187;0.696398801;0.008257854;NA;0.213084334;5;5
under65;hisp;12;0.704846432;0.697882718;0.008090483;NA;0.213084334;5;5
under65;hisp;13;0.709840021;0.699369797;0.008036132;NA;0.213084334;5;5
under65;hisp;14;0.704071699;0.700860044;0.008401313;NA;0.213084334;5;5
under65;hisp;15;0.704366527;0.702353467;0.007993631;NA;0.213084334;5;5
under65;hisp;16;0.694391069;0.703850073;0.008143382;NA;0.213084334;5;5
under65;hisp;17;0.682398362;0.705349867;0.007953103;NA;0.213084334;5;5
under65;hisp;18;0.719639717;0.706852857;0.008337115;NA;0.213084334;5;5
under65;hisp;19;0.701632401;0.708359050;0.008059217;NA;0.213084334;5;5
under65;hisp;20;0.721048457;0.709868452;0.008267722;NA;0.213084334;5;5
under65;hisp;21;0.722850777;0.711381070;0.008402384;NA;0.213084334;5;5
under65;hisp;22;0.696325499;0.712896912;0.008057389;NA;0.213084334;5;5
under65;hisp;23;0.710123391;0.714415984;0.008168022;NA;0.213084334;5;5
under65;hisp;24;0.740603404;0.715938292;0.008170031;NA;0.213084334;5;5
under65;hisp;25;0.721227152;0.717463844;0.007918573;Joinpoint 1;NA;5;5
under65;hisp;26;0.713894042;0.761694024;0.008142301;NA;6.164795639*;5;5
under65;hisp;27;0.744489150;0.808650904;0.008034517;NA;6.164795639*;5;5
under65;hisp;28;1.026640232;0.858502580;0.009601555;NA;6.164795639*;5;5
under65;hisp;29;0.883466463;0.911427509;0.008639135;NA;6.164795639*;5;5
under65;hisp;30;0.894127727;0.967615153;0.008913707;NA;6.164795639*;5;5
under65;hisp;31;1.033129760;1.027266650;0.009388538;Joinpoint 2;NA;5;5
under65;hisp;32;0.971912512;0.944649870;0.009077827;NA;-8.042388923;5;5
under65;hisp;33;0.839464908;0.868677454;0.008562643;NA;-8.042388923;5;5
under65;hisp;34;0.809166774;0.798815034;0.008251530;Joinpoint 3;NA;5;5
under65;hisp;35;0.895625891;0.910039726;0.008661713;NA;13.923710345;5;5
under65;hisp;36;1.060003311;1.036751022;0.009093572;NA;13.923710345;5;5
under65;hisp;37;1.197225083;1.181105231;0.009692404;Joinpoint 4;NA;5;5
under65;hisp;38;1.014477307;1.030616044;0.009543843;NA;-12.741386858;5;5
under65;hisp;39;0.841069148;0.899301267;0.008249365;NA;-12.741386858;5;5
under65;hisp;40;0.787706571;0.784717813;0.007977552;Joinpoint 5;NA;5;5
under65;hisp;41;0.780722770;0.795193399;0.007850484;NA;1.334949374*;5;5
under65;hisp;42;0.778044128;0.805808828;0.007945792;NA;1.334949374*;5;5
under65;hisp;43;0.787902579;0.816565968;0.007878586;NA;1.334949374*;5;5
under65;hisp;44;0.899898373;0.827466711;0.007830743;NA;1.334949374*;5;5
under65;hisp;45;0.908231632;0.838512972;0.007689241;NA;1.334949374*;5;5
under65;hisp;46;0.860537893;0.849706696;0.007806450;NA;1.334949374*;5;5
under65;hisp;47;0.851264492;0.861049850;0.008229549;NA;1.334949374*;5;5
under65;hisp;48;0.844980164;0.872544430;0.008011869;NA;1.334949374*;5;5
under65;hisp;49;0.879574835;0.884192456;0.007808530;NA;1.334949374*;5;5
under65;hisp;50;0.849925129;0.895995978;0.009015813;NA;1.334949374*;5;5
under65;multirace;1;0.556233676;0.549529675;0.021925224;NA;0.247278238*;0;0
under65;multirace;2;0.553656101;0.550888542;0.023545365;NA;0.247278238*;0;0
under65;multirace;3;0.566526580;0.552250770;0.023133523;NA;0.247278238*;0;0
under65;multirace;4;0.556103458;0.553616366;0.023332537;NA;0.247278238*;0;0
under65;multirace;5;0.585064258;0.554985339;0.023726595;NA;0.247278238*;0;0
under65;multirace;6;0.560565448;0.556357697;0.023282037;NA;0.247278238*;0;0
under65;multirace;7;0.559129406;0.557733448;0.022745212;NA;0.247278238*;0;0
under65;multirace;8;0.578131178;0.559112601;0.023229378;NA;0.247278238*;0;0
under65;multirace;9;0.529372322;0.560495165;0.022817054;NA;0.247278238*;0;0
under65;multirace;10;0.500078584;0.561881148;0.021632661;NA;0.247278238*;0;0
under65;multirace;11;0.573899094;0.563270558;0.023919739;NA;0.247278238*;0;0
under65;multirace;12;0.557214493;0.564663403;0.022813788;NA;0.247278238*;0;0
under65;multirace;13;0.571935987;0.566059693;0.023067268;NA;0.247278238*;0;0
under65;multirace;14;0.561221300;0.567459435;0.023748393;NA;0.247278238*;0;0
under65;multirace;15;0.581884362;0.568862639;0.023189325;NA;0.247278238*;0;0
under65;multirace;16;0.605982978;0.570269312;0.024269511;NA;0.247278238*;0;0
under65;multirace;17;0.574729164;0.571679464;0.023150505;NA;0.247278238*;0;0
under65;multirace;18;0.617651445;0.573093103;0.024358254;NA;0.247278238*;0;0
under65;multirace;19;0.528096894;0.574510238;0.021914305;NA;0.247278238*;0;0
under65;multirace;20;0.555161869;0.575930877;0.022910886;NA;0.247278238*;0;0
under65;multirace;21;0.606405705;0.577355028;0.024367956;NA;0.247278238*;0;0
under65;multirace;22;0.530030421;0.578782702;0.022124625;NA;0.247278238*;0;0
under65;multirace;23;0.512411103;0.580213905;0.021931722;NA;0.247278238*;0;0
under65;multirace;24;0.549293239;0.581648648;0.022066428;NA;0.247278238*;0;0
under65;multirace;25;0.578652699;0.583086939;0.022386356;NA;0.247278238*;0;0
under65;multirace;26;0.571342580;0.584528786;0.023010826;NA;0.247278238*;0;0
under65;multirace;27;0.571200287;0.585974198;0.022231929;NA;0.247278238*;0;0
under65;multirace;28;0.603997293;0.587423185;0.022454829;NA;0.247278238*;0;0
under65;multirace;29;0.626176516;0.588875755;0.022458388;NA;0.247278238*;0;0
under65;multirace;30;0.604148065;0.590331916;0.022651841;NA;0.247278238*;0;0
under65;multirace;31;0.621868532;0.591791679;0.022067517;NA;0.247278238*;0;0
under65;multirace;32;0.549432252;0.593255051;0.020794236;NA;0.247278238*;0;0
under65;multirace;33;0.554492184;0.594722041;0.021505228;NA;0.247278238*;0;0
under65;multirace;34;0.655088617;0.596192659;0.023196060;NA;0.247278238*;0;0
under65;multirace;35;0.580931795;0.597666914;0.021336509;NA;0.247278238*;0;0
under65;multirace;36;0.611701474;0.599144814;0.021064853;NA;0.247278238*;0;0
under65;multirace;37;0.659906233;0.600626369;0.021705203;NA;0.247278238*;0;0
under65;multirace;38;0.596011643;0.602111587;0.022352666;NA;0.247278238*;0;0
under65;multirace;39;0.599582976;0.603600478;0.021558584;NA;0.247278238*;0;0
under65;multirace;40;0.586983433;0.605093051;0.021597884;NA;0.247278238*;0;0
under65;multirace;41;0.598158155;0.606589314;0.021345530;NA;0.247278238*;0;0
under65;multirace;42;0.601832971;0.608089278;0.021898269;NA;0.247278238*;0;0
under65;multirace;43;0.636129432;0.609592950;0.022084609;NA;0.247278238*;0;0
under65;multirace;44;0.606284153;0.611100341;0.019902514;NA;0.247278238*;0;0
under65;multirace;45;0.594481525;0.612611459;0.019312861;NA;0.247278238*;0;0
under65;multirace;46;0.625530754;0.614126314;0.020648324;NA;0.247278238*;0;0
under65;multirace;47;0.617025020;0.615644915;0.021921158;NA;0.247278238*;0;0
under65;multirace;48;0.594454852;0.617167270;0.020982962;NA;0.247278238*;0;0
under65;multirace;49;0.612311075;0.618693391;0.020432099;NA;0.247278238*;0;0
under65;multirace;50;0.640752385;0.620223285;0.024671650;NA;0.247278238*;0;0
under65;nhopi;1;1.376178477;1.295394620;0.096171201;NA;0.042004250;4;4
under65;nhopi;2;1.171813072;1.295938741;0.096332657;NA;0.042004250;4;4
under65;nhopi;3;1.258246024;1.296483090;0.095382948;NA;0.042004250;4;4
under65;nhopi;4;1.281559213;1.297027668;0.100019664;NA;0.042004250;4;4
under65;nhopi;5;1.305087116;1.297572475;0.098979515;NA;0.042004250;4;4
under65;nhopi;6;1.439114331;1.298117510;0.104401956;NA;0.042004250;4;4
under65;nhopi;7;1.227045011;1.298662775;0.095342717;NA;0.042004250;4;4
under65;nhopi;8;1.272530579;1.299208269;0.099210636;NA;0.042004250;4;4
under65;nhopi;9;1.435746873;1.299753991;0.105340712;NA;0.042004250;4;4
under65;nhopi;10;1.178539411;1.300299943;0.092915288;NA;0.042004250;4;4
under65;nhopi;11;1.087353474;1.300846124;0.091311024;NA;0.042004250;4;4
under65;nhopi;12;1.197088698;1.301392535;0.093535380;NA;0.042004250;4;4
under65;nhopi;13;1.440536659;1.301939175;0.101395051;NA;0.042004250;4;4
under65;nhopi;14;1.263595900;1.302486045;0.099618924;NA;0.042004250;4;4
under65;nhopi;15;1.397847736;1.303033144;0.099375022;NA;0.042004250;4;4
under65;nhopi;16;1.376466446;1.303580474;0.102041270;NA;0.042004250;4;4
under65;nhopi;17;1.389158153;1.304128033;0.101821087;NA;0.042004250;4;4
under65;nhopi;18;1.309394278;1.304675822;0.100881311;NA;0.042004250;4;4
under65;nhopi;19;1.313641690;1.305223841;0.097276013;NA;0.042004250;4;4
under65;nhopi;20;1.243880858;1.305772091;0.096633104;NA;0.042004250;4;4
under65;nhopi;21;1.249007247;1.306320571;0.097263048;NA;0.042004250;4;4
under65;nhopi;22;1.401240333;1.306869281;0.101752392;NA;0.042004250;4;4
under65;nhopi;23;1.298806110;1.307418222;0.098214798;NA;0.042004250;4;4
under65;nhopi;24;1.349806909;1.307967393;0.098356899;NA;0.042004250;4;4
under65;nhopi;25;1.282360286;1.308516795;0.092138979;NA;0.042004250;4;4
under65;nhopi;26;1.175796297;1.309066427;0.092044588;Joinpoint 1;NA;4;4
under65;nhopi;27;1.419547776;1.370797480;0.097509068;NA;4.715654747;4;4
under65;nhopi;28;1.402224405;1.435439557;0.095261536;NA;4.715654747;4;4
under65;nhopi;29;1.601513502;1.503129930;0.101936348;NA;4.715654747;4;4
under65;nhopi;30;1.406049223;1.574012348;0.096430960;NA;4.715654747;4;4
under65;nhopi;31;1.822204695;1.648237336;0.106412399;Joinpoint 2;NA;4;4
under65;nhopi;32;1.430376607;1.626834459;0.093759743;NA;-1.298531275;4;4
under65;nhopi;33;1.424748294;1.605709505;0.096880758;NA;-1.298531275;4;4
under65;nhopi;34;1.719064599;1.584858865;0.105924226;NA;-1.298531275;4;4
under65;nhopi;35;1.471117727;1.564278977;0.095636382;NA;-1.298531275;4;4
under65;nhopi;36;1.682277868;1.543966325;0.096581272;NA;-1.298531275;4;4
under65;nhopi;37;1.595978817;1.523917439;0.093097397;NA;-1.298531275;4;4
under65;nhopi;38;1.449871805;1.504128895;0.096845869;NA;-1.298531275;4;4
under65;nhopi;39;1.680025115;1.484597311;0.101645654;NA;-1.298531275;4;4
under65;nhopi;40;1.438296147;1.465319350;0.094841699;NA;-1.298531275;4;4
under65;nhopi;41;1.307365678;1.446291720;0.088341656;Joinpoint 3;NA;4;4
under65;nhopi;42;1.598302920;1.619026736;0.100379212;NA;11.943303896;4;4
under65;nhopi;43;1.684346664;1.812392019;0.101537706;NA;11.943303896;4;4
under65;nhopi;44;2.115918150;2.028851506;0.103521206;Joinpoint 4;NA;4;4
under65;nhopi;45;1.928899919;1.909407576;0.096856437;NA;-5.887268196*;4;4
under65;nhopi;46;1.643985668;1.796995631;0.093650820;NA;-5.887268196*;4;4
under65;nhopi;47;1.812186898;1.691201679;0.105419078;NA;-5.887268196*;4;4
under65;nhopi;48;1.630512866;1.591636100;0.097042873;NA;-5.887268196*;4;4
under65;nhopi;49;1.479392757;1.497932214;0.088607085;NA;-5.887268196*;4;4
under65;nhopi;50;1.384766331;1.409744928;0.100592109;NA;-5.887268196*;4;4
