"age_grp";"race";"Model";"# Joinpoints";"# Observations";"# Parameters";"D.F.";"SSE";"BIC";"BIC3"
65andup;aian;1;0;50;2;48;   14228.5154792;       5.8074613;       5.8074613
65andup;aian;2;1;50;4;46;   11626.0421295;       5.7619417;       5.8401822
65andup;aian;3;2;50;6;44;    6718.6501285;       5.3700623;       5.5265432
65andup;aian;4;3;50;8;42;    3843.4374536;       4.9680231;       5.2027445
65andup;aian;5;4;50;10;40;    2799.6835733;       4.8076433;       5.1206051
65andup;aian;6;5;50;12;38;    2690.8795242;       4.9244859;       5.3156882
65andup;aian;7;6;50;14;36;    2158.6200126;       4.8605678;       5.3300106
65andup;aian;8;7;50;16;34;    2152.8866893;       5.0143892;       5.5620724
65andup;aian;9;8;50;18;32;    2076.9692806;       5.1349703;       5.7608940
65andup;aian;10;9;50;20;30;    1892.0252819;       5.1981893;       5.9023534
65andup;asian;1;0;50;2;48;  139165.3621178;       8.0878761;       8.0878761
65andup;asian;2;1;50;4;46;  118508.1302803;       8.0836757;       8.1619161
65andup;asian;3;2;50;6;44;   95555.7738660;       8.0248851;       8.1813661
65andup;asian;4;3;50;8;42;   76483.2779859;       7.9587281;       8.1934495
65andup;asian;5;4;50;10;40;   60131.2732812;       7.8746669;       8.1876288
65andup;asian;6;5;50;12;38;   21768.7989623;       7.0150955;       7.4062978
65andup;asian;7;6;50;14;36;   19071.2713346;       7.0392818;       7.5087246
65andup;asian;8;7;50;16;34;   18074.2349453;       7.1420671;       7.6897503
65andup;asian;9;8;50;18;32;   17904.2452071;       7.2890984;       7.9150221
65andup;asian;10;9;50;20;30;   17308.4550434;       7.4117366;       8.1159007
65andup;black;1;0;50;2;48;  484554.3149014;       9.3354427;       9.3354427
65andup;black;2;1;50;4;46;  348440.9438308;       9.1621629;       9.2404033
65andup;black;3;2;50;6;44;  212147.6419693;       8.8224575;       8.9789384
65andup;black;4;3;50;8;42;  132872.5787946;       8.5110466;       8.7457679
65andup;black;5;4;50;10;40;  112111.2862534;       8.4976289;       8.8105907
65andup;black;6;5;50;12;38;  103304.9231610;       8.5723028;       8.9635051
65andup;black;7;6;50;14;36;   99243.0522450;       8.6886706;       9.1581134
65andup;black;8;7;50;16;34;   94899.3758532;       8.8003968;       9.3480800
65andup;black;9;8;50;18;32;   93400.5123947;       8.9409574;       9.5668811
65andup;black;10;9;50;20;30;   89483.0207002;       9.0545904;       9.7587545
65andup;hisp;1;0;50;2;48;  507229.7945390;       9.3811773;       9.3811773
65andup;hisp;2;1;50;4;46;  371874.3377761;       9.2272501;       9.3054906
65andup;hisp;3;2;50;6;44;  250455.7255236;       8.9884572;       9.1449381
65andup;hisp;4;3;50;8;42;  229114.3940476;       9.0558774;       9.2905988
65andup;hisp;5;4;50;10;40;  179180.1038522;       8.9665283;       9.2794902
65andup;hisp;6;5;50;12;38;   82864.0173403;       8.3518187;       8.7430210
65andup;hisp;7;6;50;14;36;   77350.0951860;       8.4394405;       8.9088833
65andup;hisp;8;7;50;16;34;   72106.6784534;       8.5257263;       9.0734095
65andup;hisp;9;8;50;18;32;   70414.8176510;       8.6584643;       9.2843880
65andup;hisp;10;9;50;20;30;   69594.2054414;       8.8032228;       9.5073869
65andup;multirace;1;0;50;2;48;    4370.2717202;       4.6270384;       4.6270384
65andup;multirace;2;1;50;4;46;    3991.8169527;       4.6929406;       4.7711811
65andup;multirace;3;2;50;6;44;    3603.0329003;       4.7469510;       4.9034319
65andup;multirace;4;3;50;8;42;    3511.1005665;       4.8775855;       5.1123069
65andup;multirace;5;4;50;10;40;    3205.7186498;       4.9430732;       5.2560350
65andup;multirace;6;5;50;12;38;    3109.4477836;       5.0690629;       5.4602652
65andup;multirace;7;6;50;14;36;    3013.9820103;       5.1943608;       5.6638036
65andup;multirace;8;7;50;16;34;    2939.3347911;       5.3257629;       5.8734462
65andup;multirace;9;8;50;18;32;    2876.4501541;       5.4606175;       6.0865412
65andup;multirace;10;9;50;20;30;    2785.2051661;       5.5848630;       6.2890272
65andup;nhopi;1;0;50;2;48;    3279.7171530;       4.3399704;       4.3399704
65andup;nhopi;2;1;50;4;46;    3024.1379054;       4.4153202;       4.4935606
65andup;nhopi;3;2;50;6;44;    2892.7417784;       4.5273798;       4.6838607
65andup;nhopi;4;3;50;8;42;    2554.6622032;       4.5595760;       4.7942973
65andup;nhopi;5;4;50;10;40;    2512.8034978;       4.6995359;       5.0124978
65andup;nhopi;6;5;50;12;38;    2268.8374748;       4.7538854;       5.1450877
65andup;nhopi;7;6;50;14;36;    2147.3106640;       4.8553149;       5.3247577
65andup;nhopi;8;7;50;16;34;    2074.5654583;       4.9773313;       5.5250146
65andup;nhopi;9;8;50;18;32;    1984.7346994;       5.0895458;       5.7154695
65andup;nhopi;10;9;50;20;30;    1876.0081121;       5.1896877;       5.8938518
all_ages;aian;1;0;50;2;48;     454.8079701;       2.3643332;       2.3643332
all_ages;aian;2;1;50;4;46;     351.5018658;       2.2631539;       2.3413943
all_ages;aian;3;2;50;6;44;     136.6946425;       1.4751693;       1.6316502
all_ages;aian;4;3;50;8;42;     114.1101635;       1.4510650;       1.6857864
all_ages;aian;5;4;50;10;40;      86.4776099;       1.3302671;       1.6432290
all_ages;aian;6;5;50;12;38;      50.2596712;       0.9440655;       1.3352678
all_ages;aian;7;6;50;14;36;      43.4516749;       0.9549928;       1.4244356
all_ages;aian;8;7;50;16;34;      37.8825041;       0.9743137;       1.5219970
all_ages;aian;9;8;50;18;32;      35.5106236;       1.0661372;       1.6920609
all_ages;aian;10;9;50;20;30;      30.5027826;       1.0706041;       1.7747683
all_ages;asian;1;0;50;2;48;    2985.8555901;       4.2460995;       4.2460995
all_ages;asian;2;1;50;4;46;    2478.5647610;       4.2163738;       4.2946142
all_ages;asian;3;2;50;6;44;    1910.3629548;       4.1124683;       4.2689492
all_ages;asian;4;3;50;8;42;    1500.9591209;       4.0277603;       4.2624817
all_ages;asian;5;4;50;10;40;    1200.6189467;       3.9609741;       4.2739359
all_ages;asian;6;5;50;12;38;     467.5874763;       3.1744490;       3.5656513
all_ages;asian;7;6;50;14;36;     401.7504190;       3.1791745;       3.6486172
all_ages;asian;8;7;50;16;34;     340.6203154;       3.1705928;       3.7182760
all_ages;asian;9;8;50;18;32;     337.7445961;       3.3185953;       3.9445189
all_ages;asian;10;9;50;20;30;     324.4848854;       3.4350252;       4.1391893
all_ages;black;1;0;50;2;48;    9226.5375703;       5.3742970;       5.3742970
all_ages;black;2;1;50;4;46;    6494.7225125;       5.1796840;       5.2579245
all_ages;black;3;2;50;6;44;    3710.9488158;       4.7764626;       4.9329435
all_ages;black;4;3;50;8;42;    2664.9272423;       4.6018327;       4.8365541
all_ages;black;5;4;50;10;40;    2065.7333970;       4.5036222;       4.8165840
all_ages;black;6;5;50;12;38;    1991.8402638;       4.6236768;       5.0148791
all_ages;black;7;6;50;14;36;    1877.5191546;       4.7210500;       5.1904928
all_ages;black;8;7;50;16;34;    1802.6926723;       4.8368611;       5.3845443
all_ages;black;9;8;50;18;32;    1728.5032899;       4.9513164;       5.5772401
all_ages;black;10;9;50;20;30;    1695.4859905;       5.0885109;       5.7926750
all_ages;hisp;1;0;50;2;48;   11978.2319424;       5.6353042;       5.6353042
all_ages;hisp;2;1;50;4;46;    8688.9986919;       5.4707518;       5.5489923
all_ages;hisp;3;2;50;6;44;    5880.2891175;       5.2367810;       5.3932619
all_ages;hisp;4;3;50;8;42;    5043.7143003;       5.2397987;       5.4745201
all_ages;hisp;5;4;50;10;40;    4100.0776813;       5.1891428;       5.5021046
all_ages;hisp;6;5;50;12;38;    1782.0328440;       4.5123726;       4.9035749
all_ages;hisp;7;6;50;14;36;    1654.3207432;       4.5944892;       5.0639320
all_ages;hisp;8;7;50;16;34;    1628.3428917;       4.7351425;       5.2828257
all_ages;hisp;9;8;50;18;32;    1563.5673835;       4.8510306;       5.4769542
all_ages;hisp;10;9;50;20;30;    1546.0705869;       4.9962581;       5.7004222
all_ages;multirace;1;0;50;2;48;      76.7878281;       0.5855041;       0.5855041
all_ages;multirace;2;1;50;4;46;      68.2621423;       0.6242942;       0.7025346
all_ages;multirace;3;2;50;6;44;      59.7205301;       0.6470956;       0.8035765
all_ages;multirace;4;3;50;8;42;      57.1623809;       0.7597967;       0.9945181
all_ages;multirace;5;4;50;10;40;      51.7122182;       0.8160757;       1.1290375
all_ages;multirace;6;5;50;12;38;      49.4113206;       0.9270421;       1.3182444
all_ages;multirace;7;6;50;14;36;      48.7498941;       1.0700465;       1.5394892
all_ages;multirace;8;7;50;16;34;      46.8637033;       1.1870678;       1.7347510
all_ages;multirace;9;8;50;18;32;      45.6513090;       1.3173376;       1.9432612
all_ages;multirace;10;9;50;20;30;      44.7220642;       1.4532532;       2.1574173
all_ages;nhopi;1;0;50;2;48;      81.3296102;       0.6429681;       0.6429681
all_ages;nhopi;2;1;50;4;46;      71.7515013;       0.6741476;       0.7523881
all_ages;nhopi;3;2;50;6;44;      60.8589740;       0.6659790;       0.8224600
all_ages;nhopi;4;3;50;8;42;      56.2408296;       0.7435437;       0.9782651
all_ages;nhopi;5;4;50;10;40;      45.9580157;       0.6981099;       1.0110717
all_ages;nhopi;6;5;50;12;38;      43.0630320;       0.7895274;       1.1807297
all_ages;nhopi;7;6;50;14;36;      38.5816442;       0.8361201;       1.3055628
all_ages;nhopi;8;7;50;16;34;      35.2721585;       0.9029183;       1.4506015
all_ages;nhopi;9;8;50;18;32;      34.6996835;       1.0430358;       1.6689595
all_ages;nhopi;10;9;50;20;30;      33.2157199;       1.1558095;       1.8599736
under65;aian;1;0;50;2;48;     385.4380880;       2.1988385;       2.1988385
under65;aian;2;1;50;4;46;     294.0979104;       2.0848516;       2.1630920
under65;aian;3;2;50;6;44;     110.5998192;       1.2633382;       1.4198191
under65;aian;4;3;50;8;42;     105.1150990;       1.3689566;       1.6036780
under65;aian;5;4;50;10;40;      82.0498897;       1.2777091;       1.5906709
under65;aian;6;5;50;12;38;      50.7249214;       0.9532799;       1.3444822
under65;aian;7;6;50;14;36;      40.5146606;       0.8850073;       1.3544501
under65;aian;8;7;50;16;34;      35.1491702;       0.8994254;       1.4471086
under65;aian;9;8;50;18;32;      32.5483454;       0.9790318;       1.6049555
under65;aian;10;9;50;20;30;      32.4211717;       1.1315979;       1.8357620
under65;asian;1;0;50;2;48;     839.9754300;       2.9778306;       2.9778306
under65;asian;2;1;50;4;46;     612.4072802;       2.8183364;       2.8965768
under65;asian;3;2;50;6;44;     498.1633367;       2.7683478;       2.9248287
under65;asian;4;3;50;8;42;     402.6105459;       2.7118704;       2.9465918
under65;asian;5;4;50;10;40;     325.5091019;       2.6557720;       2.9687339
under65;asian;6;5;50;12;38;     153.3868461;       2.0598257;       2.4510280
under65;asian;7;6;50;14;36;     133.7548055;       2.0793517;       2.5487945
under65;asian;8;7;50;16;34;     121.3612999;       2.1385964;       2.6862796
under65;asian;9;8;50;18;32;     113.0281123;       2.2239418;       2.8498655
under65;asian;10;9;50;20;30;     110.3373518;       2.3563287;       3.0604928
under65;black;1;0;50;2;48;    2628.1694176;       4.1185008;       4.1185008
under65;black;2;1;50;4;46;    1577.9689275;       3.7648326;       3.8430731
under65;black;3;2;50;6;44;     847.0180830;       3.2991418;       3.4556227
under65;black;4;3;50;8;42;     779.5760860;       3.3726510;       3.6073723
under65;black;5;4;50;10;40;     661.4476234;       3.3648124;       3.6777742
under65;black;6;5;50;12;38;     539.8719856;       3.3181946;       3.7093969
under65;black;7;6;50;14;36;     533.3548817;       3.4625305;       3.9319732
under65;black;8;7;50;16;34;     517.6109740;       3.5890483;       4.1367315
under65;black;9;8;50;18;32;     513.6892693;       3.7379238;       4.3638475
under65;black;10;9;50;20;30;     501.4305667;       3.8702513;       4.5744155
under65;hisp;1;0;50;2;48;    6024.2725063;       4.9480099;       4.9480099
under65;hisp;2;1;50;4;46;    4421.9138226;       4.7952667;       4.8735072
under65;hisp;3;2;50;6;44;    3165.2342596;       4.6174021;       4.7738830
under65;hisp;4;3;50;8;42;    2134.3177752;       4.3798030;       4.6145244
under65;hisp;5;4;50;10;40;    1900.7523962;       4.4203867;       4.7333485
under65;hisp;6;5;50;12;38;     920.2884443;       3.8515497;       4.2427520
under65;hisp;7;6;50;14;36;     756.6298717;       3.8122176;       4.2816604
under65;hisp;8;7;50;16;34;     691.2618067;       3.8783430;       4.4260262
under65;hisp;9;8;50;18;32;     678.8867430;       4.0167596;       4.6426833
under65;hisp;10;9;50;20;30;     669.2839034;       4.1589945;       4.8631587
under65;multirace;1;0;50;2;48;      75.8564660;       0.5733009;       0.5733009
under65;multirace;2;1;50;4;46;      74.0654418;       0.7058879;       0.7841283
under65;multirace;3;2;50;6;44;      67.9736219;       0.7765395;       0.9330204
under65;multirace;4;3;50;8;42;      61.4163063;       0.8315760;       1.0662974
under65;multirace;5;4;50;10;40;      56.6530475;       0.9073274;       1.2202892
under65;multirace;6;5;50;12;38;      53.8157000;       1.0124278;       1.4036301
under65;multirace;7;6;50;14;36;      51.1769579;       1.1186328;       1.5880756
under65;multirace;8;7;50;16;34;      46.7676627;       1.1850164;       1.7326996
under65;multirace;9;8;50;18;32;      43.8996908;       1.2782126;       1.9041362
under65;multirace;10;9;50;20;30;      42.6959118;       1.4068894;       2.1110535
under65;nhopi;1;0;50;2;48;     124.8933812;       1.0719183;       1.0719183
under65;nhopi;2;1;50;4;46;     106.8212396;       1.0720956;       1.1503361
under65;nhopi;3;2;50;6;44;      77.8587059;       0.9123155;       1.0687964
under65;nhopi;4;3;50;8;42;      69.0636732;       0.9489296;       1.1836509
under65;nhopi;5;4;50;10;40;      55.1135832;       0.8797778;       1.1927396
under65;nhopi;6;5;50;12;38;      51.8457690;       0.9751358;       1.3663381
under65;nhopi;7;6;50;14;36;      50.6597257;       1.1084747;       1.5779174
under65;nhopi;8;7;50;16;34;      48.0883373;       1.2128640;       1.7605473
under65;nhopi;9;8;50;18;32;      45.5775515;       1.3157206;       1.9416443
under65;nhopi;10;9;50;20;30;      44.1381057;       1.4401097;       2.1442738
